-0.737
-0.649
-0.797
-0.636
-0.559
-0.162
-0.247
-0.259
-0.259
-0.508
-0.724
0.112
0.145
-0.689
-0.825
-0.808
-0.200
-0.348
-0.755
-1.176
-0.673
-0.832
-0.465
-0.592
0.174
-0.808
-0.788
-0.063
-0.122
-0.102
-0.748
-0.835
-0.334
-0.300
-0.544
-0.935
-0.367
-0.073
-0.556
-0.620
-0.423
-0.463
-0.790
-0.161
-0.633
-0.804
-0.345
-0.653
-0.607
-0.461
-0.369
-0.908
-0.996
-0.854
-0.522
-0.890
-0.470
-0.710
-0.855
-0.503
-0.598
-0.385
-0.510
-0.268
-0.673
-0.570
-0.981
-0.519
-0.007
-0.143
-0.634
-0.854
-0.518
-0.392
-0.920
-0.629
-0.523
-0.132
-0.669
-0.691
-0.663
-0.656
-0.525
-0.714
-0.456
-0.633
-0.723
-1.125
-0.586
-0.486
-0.859
-0.713
-0.626
-1.101
-0.594
-0.217
-0.405
-0.509
-0.660
-0.832
-0.579
-0.913
-0.248
-0.484
-0.474
-0.539
-0.668
-0.466
-0.815
-0.569
-0.643
-0.421
-0.450
-0.516
-0.904
-0.311
-0.402
-0.461
-0.520
-0.645
-0.389
-0.855
-0.731
-0.769
-0.787
-0.820
-0.888
-0.163
-0.655
-0.742
-0.743
-0.339
-0.746
-0.549
-0.742
-0.873
-0.118
-0.634
-1.084
-0.860
-0.979
-0.758
-0.720
-0.642
-0.736
-0.590
-0.591
-0.955
-0.555
-0.298
-0.609
-0.852
-0.842
-0.986
-0.702
-0.465
-0.857
-0.299
-0.580
-0.560
-0.511
-0.275
-0.584
-0.941
-0.209
-0.483
-0.604
-0.391
-0.255
-0.768
-0.582
-0.784
-1.028
-0.661
-0.809
-0.457
-0.701
-1.043
0.060
-0.414
-0.482
-0.176
-0.192
-1.167
-0.709
-0.834
-0.565
-0.748
-0.752
-0.513
-0.264
-0.614
-0.443
-0.350
-0.654
-0.614
-0.860
-0.329
-0.820
-0.841
-0.400
-0.760
-0.570
-0.327
-0.301
-0.744
-0.316
-0.478
-0.688
-0.514
-0.652
-0.649
-1.155
-0.634
0.049
-0.097
-0.175
-0.725
-0.777
-0.476
-0.477
-0.985
-0.432
-0.675
-0.525
-0.394
-0.356
-0.688
-0.901
-0.489
-1.294
-0.676
-0.613
-0.893
-0.346
-0.737
-0.665
-0.688
-0.598
-0.350
-0.413
-0.769
-0.513
-0.253
-0.849
-0.231
-0.665
-0.326
-0.977
-0.833
-0.316
-0.449
-0.662
-1.174
-0.902
-0.543
-0.945
-0.499
-0.620
-0.171
-0.595
-0.818
-0.509
-0.730
-0.354
-0.552
-0.088
-0.421
-0.193
-0.626
-0.538
-0.963
-1.139
-0.729
-0.226
-0.622
-0.473
-0.525
-0.930
-0.614
-0.470
-0.492
-0.422
-0.777
-0.600
-0.562
-0.780
-0.571
-0.672
-0.656
-0.895
-0.499
-0.402
-0.852
-0.702
-0.720
-0.399
-0.026
-0.068
-0.724
-0.550
-0.578
-0.553
-0.786
-0.617
-0.364
-0.734
-0.580
-0.737
-0.711
-0.637
-0.409
-0.390
-0.536
-0.433
-0.687
-0.890
-0.030
-0.406
-0.462
-0.943
-0.760
-0.474
-1.036
-0.913
-0.609
-0.883
-0.523
-0.099
-0.909
-0.606
-0.181
-0.422
-0.531
-0.096
0.185
-0.589
-0.706
-0.892
-0.515
-0.266
-0.174
-0.713
-0.527
-0.353
-0.535
-0.424
-0.193
-0.690
-0.949
-0.846
-0.638
-0.539
-0.761
-1.048
-0.328
-0.656
-0.716
-0.456
-0.537
-0.420
-0.694
-0.496
-0.574
-0.964
-0.558
-0.362
-0.603
-0.983
-0.586
-0.417
-0.735
-0.455
-0.676
-0.426
-0.748
-0.507
-0.733
-0.734
-0.736
-1.040
-0.814
-0.974
-0.805
-0.179
-0.452
-0.600
-0.523
-0.568
-0.571
-0.809
-0.661
-0.361
-0.680
-0.794
-0.760
-0.768
-0.741
-0.528
-0.442
-0.818
-0.763
-0.370
-0.667
-0.196
-0.499
-0.842
-0.388
-0.769
-0.384
-0.626
-0.590
-0.748
-0.442
-0.356
-0.122
-0.838
-0.638
-0.350
-0.632
-0.394
-0.263
-0.198
-0.737
-0.462
-0.413
0.039
-0.798
-0.478
-0.758
-0.741
-0.679
-0.376
-0.688
-0.714
-0.667
-0.460
-0.734
-0.392
-0.308
-0.576
-0.223
-0.946
-0.808
-0.289
-0.286
-0.697
-0.712
-0.744
-0.398
-0.971
-0.756
-0.371
-0.703
-0.313
-0.878
-0.710
-0.750
-0.891
-0.696
-0.820
-0.865
-0.390
-0.487
-0.864
-0.640
-1.193
-0.536
-0.479
-0.558
-0.671
-0.302
-0.481
-0.654
-0.831
-0.900
-0.338
-0.700
-0.552
-0.650
-0.297
-0.695
-0.513
-0.535
0.048
-0.466
-0.719
-0.395
-0.716
-1.002
-0.735
-0.386
-0.497
-0.177
-0.747
-0.603
-0.114
-0.701
-0.400
-0.404
-0.600
-0.677
-0.738
-0.426
-0.381
-0.634
-0.799
-0.668
-0.969
-0.712
-0.623
-0.629
-0.727
-0.641
-0.486
-0.334
-0.839
-0.210
-0.811
-0.358
-0.613
-0.802
-0.728
-0.432
-0.545
-0.742
-0.184
-0.660
-0.786
-0.896
-0.253
-0.600
-0.550
-0.427
-0.686
-0.414
-0.558
-0.874
-0.683
-0.424
-0.393
-0.768
-0.144
-0.536
-0.107
-0.894
-0.815
-0.434
-0.816
-0.746
-0.815
-0.905
-0.816
-0.522
-0.748
-0.937
-0.666
-0.658
-0.537
-0.601
-0.690
-0.643
-0.268
-1.093
-0.386
-0.784
-0.484
-0.550
-0.361
-0.617
-0.609
-0.696
-0.325
-0.807
-0.389
-0.595
-0.813
-0.640
-0.333
0.017
-0.831
-0.641
-0.412
-0.166
-0.304
-0.805
-0.812
-0.796
-0.558
-0.829
-0.803
-0.664
-0.374
-0.803
-0.605
-0.592
-0.855
-0.601
-0.255
-0.914
-0.650
-0.494
-0.338
-0.707
-0.700
-0.390
-0.571
-1.002
-0.280
-0.949
-0.482
-0.908
-0.705
-0.432
-0.159
-0.726
-0.427
-1.121
-0.654
-0.692
-0.433
-0.611
-0.649
-0.543
-0.527
-0.601
-0.691
-0.526
-0.796
-0.839
-0.203
-0.645
-0.817
-0.589
-0.738
-0.456
-0.436
-0.597
-0.702
-0.864
-0.466
-0.631
-0.660
-0.279
-0.050
-1.053
-0.181
-0.741
-0.641
-0.941
-0.664
-0.406
-0.552
-0.900
-0.481
-0.416
-0.701
-0.598
-0.733
-0.671
-0.705
-0.522
-0.590
-0.620
-0.661
-0.926
-0.446
-0.478
-0.324
-0.205
-0.607
-0.865
-0.588
0.175
-0.774
-0.276
-0.228
-0.800
-0.086
-0.408
-0.706
-0.623
-0.822
-0.843
-0.812
-0.326
-0.922
-0.284
-0.551
-0.602
-0.520
-0.792
-0.611
-0.670
-0.877
-0.553
-0.748
-1.109
-0.253
-0.611
-0.758
-0.193
-0.551
-0.562
0.169
-0.607
-0.599
-0.504
-0.299
-0.754
-0.183
-0.266
-0.785
-0.309
-0.943
-0.773
-0.782
-0.971
-0.430
-0.671
-0.653
-0.555
-0.705
-0.386
-0.046
-0.762
-0.638
-0.387
-0.637
-0.564
0.020
-0.868
-1.104
-0.755
-0.526
-1.061
-0.520
-0.471
-0.857
-0.682
-0.830
-0.608
-0.404
-0.526
-0.750
-0.062
-0.713
-0.384
-0.968
-0.699
-0.486
-0.705
-0.447
-0.631
-0.626
-0.370
-0.673
-0.810
-0.607
-0.576
-0.825
-0.523
-0.641
-0.576
-0.589
-0.263
-0.309
-0.911
-0.616
-0.598
-0.681
-0.798
-0.844
-0.458
-0.286
-0.634
-0.634
-0.300
-0.744
-0.571
-0.497
-0.550
-0.611
-0.860
-0.486
-0.624
-0.651
-0.213
-0.795
-0.332
0.062
-0.993
-0.795
-0.535
-1.033
-0.710
-0.950
-0.637
-0.645
-0.125
-0.506
-0.419
-0.425
-0.476
-0.731
-0.752
-0.578
-0.445
-0.750
-0.641
-0.727
-0.390
-0.367
-0.135
-0.588
-0.590
-0.993
-0.880
-0.690
-0.367
-0.608
-0.907
-0.561
-0.446
-0.263
-0.688
-0.928
-0.915
-0.879
-0.109
-0.136
-0.520
-0.401
-0.697
-0.546
-0.776
-0.686
-0.599
-0.765
-0.498
-0.540
-0.885
-0.729
-0.524
-0.433
-0.557
-0.366
-0.653
-0.865
-0.376
-0.696
-0.090
-0.439
-0.625
-0.787
-0.487
-0.613
-0.672
-0.355
-0.479
-0.998
-1.053
-0.526
-0.727
-0.463
-0.715
-0.460
-0.428
-0.427
-0.750
-0.856
-0.544
-0.330
-0.367
-0.289
-0.382
-0.415
-0.465
-0.348
-0.438
-0.474
-0.614
-0.713
-1.116
-1.021
-0.416
-0.578
-0.409
-0.085
-0.598
-0.555
-0.358
-0.086
-0.542
-0.394
-0.779
-0.867
-0.080
-0.695
-0.456
-0.430
-1.094
-0.324
-0.689
-0.197
-1.036
-0.530
-0.465
-0.337
-0.902
-0.628
-0.784
-0.775
-0.283
-0.655
-1.103
-0.595
-0.744
-0.348
-0.502
-0.022
-0.666
-0.638
-0.401
-0.673
-0.727
-0.588
-0.731
-0.470
-0.758
-0.762
-0.479
-0.662
-0.315
-0.680
-0.267
-0.748
-0.633
-0.422
-0.639
-0.810
-0.737
-0.393
-0.412
-0.347
-0.708
-0.425
-1.201
-0.040
-0.656
-0.116
-0.867
-0.325
-0.597
-0.419
-0.385
-0.549
-0.690
-0.468
-0.772
-0.554
-0.731
-0.214
-0.815
-0.524
-0.647
-0.490
-0.756
-0.613
-0.611
-0.878
-0.473
-0.710
-0.671
-0.181
-0.629
-0.568
-0.893
-0.374
-0.446
-0.690
-0.686
-1.166
-0.501
-0.395
-0.809
-0.732
-0.767
-0.848
-0.524
-0.644
-0.412
-0.380
-0.200
-0.559
-1.073
-0.573
-0.523
-0.624
-0.780
-0.779
-0.838
-0.958
-0.574
-0.371
-0.807
-0.528
-0.417
-1.084
-0.787
-0.932
-0.626
-0.811
-0.684
-0.572
-0.424
-0.704
-0.750
-0.950
-0.577
0.080
-0.602
-0.590
-0.239
-0.325
-0.462
-0.140
-0.253
-0.608
-0.702
-0.496
-0.904
-0.136
-0.536
-0.839
-0.573
-0.714
-0.981
-0.514
-0.356
-0.488
-0.723
-0.367
-0.538
-0.738
-0.667
-1.185
-0.817
-1.016
-0.317
-0.498
0.064
-0.673
-0.871
-0.379
-0.784
-0.420
-0.539
-0.242
-0.481
-0.473
-0.703
-0.585
-0.660
-0.618
-0.486
-0.313
-0.613
-0.472
-0.754
-0.428
-0.504
-0.319
-0.637
-0.734
-0.756
-0.283
-0.540
-0.751
-0.255
-0.532
-0.532
-0.602
-0.925
-0.206
-0.305
-0.516
-0.744
-0.897
-0.602
-0.638
-0.803
-0.582
-0.687
-1.029
-0.413
-0.399
0.078
-0.966
-0.788
-0.528
-0.557
-0.576
-0.646
-0.496
-0.347
-0.439
-0.988
-0.555
-0.812
-0.818
-0.219
-0.593
-0.660
-0.781
-0.616
-0.791
-0.215
-0.617
-0.914
-0.082
-0.636
-0.393
-0.611
-0.712
-0.350
-0.375
-0.865
-0.659
-0.723
-0.577
-0.299
-0.368
-0.477
-0.763
-0.786
-0.240
-0.953
-0.409
-0.443
-1.072
-0.622
-0.563
-0.310
-0.240
-0.877
-0.120
-0.504
-0.840
-0.467
-0.511
-0.782
-0.574
-0.507
-0.884
-0.619
-0.566
-0.518
-0.707
-0.899
-0.732
-0.462
-0.619
-0.416
-0.120
-0.546
-0.797
-0.644
-0.367
-0.464
-0.501
-0.421
-0.592
-0.610
-0.082
-0.872
-1.326
-0.479
-0.579
-0.713
-0.209
-0.441
-0.349
-0.473
-0.617
-0.382
-0.807
-0.629
-0.855
-0.530
-0.621
-0.869
-0.613
-1.080
-0.586
-0.681
-0.605
-0.872
-0.647
-0.524
-0.730
-0.882
-0.183
-0.529
-0.885
-0.281
-0.564
0.061
-0.487
-0.236
-0.773
-0.587
-0.707
-0.643
-0.768
-0.797
-0.395
-0.908
-0.399
-0.848
-0.747
-0.869
-0.715
-0.504
-0.549
-0.768
-0.825
-0.845
-0.814
-0.470
-0.743
-0.593
-0.287
-0.805
-0.337
-0.585
-0.338
-0.856
-0.549
-0.801
-0.485
-0.711
-0.384
-0.721
-1.170
-0.993
-0.380
-0.486
-0.372
-0.587
-0.882
-0.671
-0.830
-0.755
-0.561
-1.093
-0.446
-0.583
-0.398
-0.834
-0.832
-0.574
-0.490
-0.970
-0.481
-0.694
-0.468
-0.631
-0.491
-0.952
0.017
-0.551
-0.362
-0.637
-0.709
-0.558
-0.469
-0.870
-0.895
-0.490
-0.503
-0.860
-0.888
-0.532
-0.769
-0.720
-0.646
-0.914
-0.727
-0.359
-0.727
-0.708
-0.728
-0.270
-0.442
-0.886
-0.547
-0.360
-0.355
-0.340
-0.761
-0.456
-0.241
-0.272
-0.653
-0.956
-0.729
-0.828
-0.659
-1.169
-0.396
-0.610
-0.592
-0.498
-0.348
-0.476
-0.737
-0.912
-0.467
-0.858
-0.266
-0.672
-0.436
-0.412
-0.522
-0.943
-0.534
-0.673
-0.589
-0.218
-0.495
-0.652
-0.556
-0.325
-0.672
-0.827
-0.579
-0.383
-0.508
-0.768
-0.656
-0.570
-0.761
-0.497
-0.447
-0.568
-0.579
-0.451
-0.742
-0.536
-0.827
-0.711
-0.136
-0.062
-0.524
-0.784
-0.763
-0.505
-0.373
-0.289
-0.420
-0.206
-0.078
-0.339
-0.583
-0.789
-0.444
-0.795
-0.500
-0.468
-0.662
-0.127
-0.835
-0.640
-0.346
-0.177
-0.267
-0.603
-0.779
-0.362
-0.565
-1.042
-0.472
-0.865
-0.605
-0.736
-0.416
-0.547
-0.902
-0.643
-0.972
-0.118
-0.469
-1.122
-0.354
-0.736
-0.624
-0.266
-0.550
-0.772
-0.826
-0.748
0.026
-0.345
0.031
-0.689
-0.292
-0.654
-0.564
-0.501
-0.371
-0.464
-0.623
-0.217
-0.860
-0.231
-0.376
-0.337
-0.715
-0.825
-0.571
-0.364
-0.532
-0.479
-0.572
-0.907
-0.054
-0.473
-1.120
-0.432
-1.173
-0.460
-0.417
-0.316
-0.614
-0.151
-0.589
-0.393
-0.611
-0.900
-0.642
-0.613
-0.644
-0.684
-0.604
-0.621
-0.872
-0.743
-0.544
-0.082
-0.823
-0.107
-0.620
-0.638
-0.822
-0.621
-0.432
0.013
-0.762
-0.799
-0.544
-0.587
-0.376
-0.368
-1.077
-0.195
-0.672
-0.455
-0.184
-0.547
-0.280
-0.669
-0.934
-0.859
-1.004
-0.389
-0.975
-0.853
-0.794
-0.675
-0.856
-0.476
-0.712
-0.425
-0.512
-0.785
-0.537
-0.954
-0.860
-0.727
-0.683
-0.520
-0.414
-0.287
-0.829
-0.413
-0.770
-1.106
-0.141
-0.480
-0.430
-0.422
-0.679
-0.547
-0.695
-0.592
-0.688
-0.252
-0.221
-0.343
-0.430
-0.422
-0.458
-0.466
-0.912
-0.453
-1.116
-0.451
-0.442
-0.436
-0.415
-0.359
-0.522
0.020
-0.739
-0.768
-0.908
-0.739
-0.403
-0.795
-0.413
-0.835
-0.404
-0.444
-0.830
-0.815
-0.511
-0.353
-0.137
-0.365
-0.054
-0.762
-0.849
-0.531
-0.723
-0.931
-0.604
-0.646
-0.284
-0.132
-0.672
-0.669
-0.714
-0.317
-0.809
-0.281
-0.524
-0.907
-0.477
-0.646
-0.325
-0.824
-0.822
-0.562
-0.847
-0.142
-0.863
-0.435
-0.500
-0.513
-0.678
-0.495
-1.018
-0.497
0.048
-0.494
-0.209
-0.613
-0.552
-0.568
-0.681
-0.535
-0.908
-0.625
-0.204
-0.485
-0.307
-0.623
-0.457
-0.413
-0.753
-0.401
-0.475
-0.391
-0.533
-0.425
-0.316
-0.778
-0.699
-0.960
-0.748
-0.562
-0.529
-0.647
-0.445
-0.726
-0.564
-0.524
-0.862
-0.456
-0.926
-0.665
-0.616
-0.719
-0.372
-0.070
-0.641
-0.445
-0.873
-0.509
-0.706
-0.377
-0.244
-0.504
-0.765
-0.688
-0.388
-0.131
-0.394
-0.474
-0.864
-0.656
-0.486
-0.223
-0.329
-0.103
-0.567
-0.247
-0.445
-0.326
-0.870
-0.979
-0.706
-0.013
-0.914
-0.350
-0.716
-0.683
-0.783
-0.349
-0.472
-0.833
0.084
-0.773
-1.050
-0.297
-0.362
-0.570
-0.812
-0.359
-0.915
-0.452
-0.679
-0.615
-0.373
-1.114
-0.551
-0.401
-0.956
-0.681
-0.385
-0.477
-1.062
-0.407
-0.469
-0.449
-0.570
-0.615
-0.834
-0.378
-0.455
-0.523
-0.283
-0.166
-0.802
-1.064
-0.604
-0.643
-0.818
-0.282
-0.997
-0.293
-0.714
-0.307
-0.582
-0.197
-0.480
-0.310
-0.506
-0.017
-0.586
-0.916
-0.638
-0.714
-0.711
-0.766
-0.167
-0.675
-0.589
-0.498
-0.630
-0.697
-0.951
-0.441
-0.760
-0.939
-0.397
-1.009
-0.561
-0.602
-0.791
-0.833
-0.742
-0.747
-0.474
-0.344
-0.602
-0.889
-0.755
-0.294
-0.705
-0.837
-0.771
-0.911
-0.839
-0.331
-1.016
-0.281
-0.754
-0.417
-0.159
-0.652
-0.543
-0.933
-0.867
-0.225
-0.325
-0.715
-0.877
-0.828
-0.562
-0.541
-0.257
-0.686
-0.694
-1.053
-0.418
-0.550
-0.933
-0.130
-0.565
-0.298
-0.423
-0.692
-0.661
-0.639
-0.572
-0.562
-0.559
-0.912
-0.677
-0.500
-0.456
-0.658
-0.675
-0.952
-0.646
-0.539
-0.687
-0.951
-0.954
-0.559
-0.670
-0.252
-1.023
-0.655
-0.739
-0.066
-0.640
-0.804
-0.587
-0.378
-0.557
-0.461
-0.890
-0.528
-0.746
-0.444
-0.479
-0.478
-0.503
-1.022
-0.338
-0.614
-0.716
-0.135
0.089
-0.673
-1.071
-0.253
-0.679
-0.682
-0.822
-0.891
-0.607
-0.693
-1.004
-0.505
-0.847
-0.072
-0.424
-0.499
-0.130
-0.480
-0.555
-1.135
-0.774
-0.303
-0.469
-0.232
-0.696
-0.466
-0.140
-0.744
-0.487
-0.432
-0.244
-0.603
-0.737
-0.728
-0.908
-0.572
-0.329
-0.793
-0.494
-0.559
-0.437
-0.652
-0.793
-0.552
-0.852
-0.879
-0.240
-0.841
-0.257
-0.477
-0.227
-0.787
-1.086
-0.279
-0.692
-0.452
-0.625
-0.747
-0.605
-0.244
-0.482
-0.683
-0.197
-0.756
-0.587
-0.522
-0.345
-0.284
-0.453
-0.198
-0.382
-0.718
-0.719
-0.580
-0.668
-0.910
-0.716
-0.130
-0.677
-0.272
-0.757
-0.833
-0.673
-0.639
-0.500
-1.251
-0.796
-0.537
-0.540
-0.467
-0.572
-0.591
-0.871
-0.276
-0.730
-0.226
-0.801
-0.368
-0.303
-0.714
-0.368
-0.822
-0.683
-0.886
-0.579
-0.413
-0.825
-0.688
-0.624
-0.522
-0.269
-0.545
-0.380
-0.547
-0.380
-0.477
-0.760
-0.660
-0.352
-0.409
-0.835
-0.387
-0.546
-0.481
-0.982
-0.316
-0.772
-0.744
-0.369
-0.182
-0.691
-0.035
-0.658
-0.783
-0.481
-0.645
-0.400
-0.729
-0.754
-0.784
-0.774
-0.418
-0.120
-0.482
-0.749
-0.851
-0.197
-0.667
-0.797
-0.676
-0.596
-0.527
-0.600
-0.720
-0.757
-0.519
-0.710
-0.618
-0.383
-0.480
-0.843
-0.435
-0.281
-0.449
-0.386
-0.458
-0.631
-0.660
-0.516
-0.796
-0.427
-0.361
-0.430
-1.095
-0.684
-0.660
-0.508
-0.438
-0.962
-0.442
-0.069
-0.745
-0.638
-0.622
-0.352
-0.859
-0.798
-1.033
-0.495
-0.208
-0.879
-1.157
-0.563
-0.273
-0.813
-0.351
-0.617
-0.298
-0.513
-0.426
-0.526
-0.723
-0.462
-0.351
-0.680
-0.949
-0.416
-0.513
-0.561
-0.695
-0.801
-0.767
-0.816
-0.403
-0.352
-0.829
-0.738
-1.082
-0.602
-0.104
-0.462
-1.106
-0.611
-1.032
-0.787
-0.562
-0.691
-0.737
-0.546
-0.685
0.168
-0.282
-0.651
-0.427
-0.493
-0.379
-0.680
-0.507
-0.735
-0.758
-0.328
-0.841
-0.874
-0.573
-0.253
0.086
-0.599
-0.244
-0.786
-0.388
-0.948
-0.482
-0.256
-0.657
-0.946
-0.574
-0.488
-0.323
-0.820
0.091
-0.350
-1.039
-0.416
-0.905
-0.292
-0.429
-0.959
-0.652
-0.826
-0.706
-0.536
-0.454
-0.587
-0.683
-0.319
-0.942
-0.127
-1.140
-0.805
-0.964
-0.591
-0.403
-0.469
-0.776
-0.664
-0.736
-0.924
-0.806
-0.753
-0.423
-0.648
-0.649
-0.696
-0.435
-0.468
-0.656
0.122
-0.311
-0.404
0.281
-0.978
-0.287
-0.757
-0.907
-0.073
-0.664
-0.360
-1.019
-0.701
-0.282
-0.545
-0.782
-0.979
-0.791
-0.627
-1.020
-0.402
-0.739
-0.716
-0.246
-0.672
-0.941
-0.488
-0.769
-0.794
-0.479
-0.905
-0.635
-0.753
-0.494
-0.571
-0.313
-0.623
-0.676
-0.866
-0.864
-0.691
-0.649
-0.307
-0.483
-0.466
-0.200
-0.488
-0.639
-0.766
-0.367
-0.751
-0.591
-0.505
-0.338
-0.585
-0.642
-0.559
-0.341
-0.537
-0.528
-0.480
-0.073
-0.392
-0.622
-0.251
-0.755
-0.529
-0.676
-0.896
-0.603
-0.431
-0.587
-0.604
-0.418
-0.704
-0.481
-0.230
-0.768
-0.748
-0.269
-0.524
-0.801
-0.151
-0.569
-0.521
-0.611
-0.896
-0.728
-0.488
-0.615
-0.011
-0.364
-0.392
-0.343
-0.595
-1.187
-0.898
-0.677
-0.391
-0.531
-0.686
-0.684
-0.254
-0.697
-0.488
-0.377
-0.264
-0.501
-0.342
-0.520
-0.651
-0.785
-0.640
-0.894
-0.543
-0.601
-0.500
-1.004
-0.680
-0.795
-0.678
-0.528
-0.575
-0.262
-0.650
-0.827
-0.717
-0.946
-0.354
-0.393
-0.667
-0.490
-0.616
-0.528
-0.682
-0.434
-0.407
-0.569
-0.427
-0.937
-0.620
-0.532
-0.336
-0.778
-0.501
-0.562
-0.564
-0.786
-0.523
-0.436
-0.632
-0.708
-0.426
-0.279
-0.613
-1.006
-0.745
-0.795
-0.484
-0.552
-0.610
-0.517
-0.750
-0.834
-0.244
-0.076
-0.777
-0.606
-0.943
-0.935
-0.303
-0.536
-1.023
-0.423
-0.276
-0.707
-0.490
-0.747
-0.656
-0.086
-0.544
-0.688
-0.561
-0.551
-1.132
-0.795
-0.314
-0.955
-0.991
-0.194
-0.484
-0.749
-0.380
-0.631
-0.738
-0.814
-0.609
-0.598
0.139
-0.867
-0.623
-0.586
-0.107
-0.661
-0.459
-0.242
-0.004
-0.870
-0.667
-0.468
-0.443
-0.444
-0.506
-0.250
-0.419
-0.346
-0.530
-0.574
-0.691
-0.787
-0.617
-0.210
-0.315
0.078
-0.611
-0.561
-0.525
-0.589
-0.775
-0.731
-0.257
-0.096
-0.042
-0.810
-0.544
-0.537
-0.873
-0.466
-0.616
-0.996
-0.729
-0.208
-0.562
0.017
-0.330
-0.999
-0.583
-0.513
-0.469
-0.480
-0.623
-0.219
-0.625
-0.034
-0.717
-0.515
-0.789
-0.649
-0.592
-0.633
-0.279
-0.526
-0.495
-0.399
-0.566
-0.432
-0.544
-0.566
-0.971
-1.025
-0.292
-0.870
-0.503
-0.167
-0.468
-0.367
-0.574
-0.738
-0.700
-0.505
-0.227
-0.529
-0.440
-0.276
-0.510
-0.235
-0.774
-0.419
-0.612
-0.529
-0.306
-1.146
-0.699
-0.708
-0.584
-0.346
-0.636
-0.485
-0.674
-0.819
-0.688
-0.918
-0.378
-0.353
-0.467
-0.592
-0.890
-0.705
-0.531
-0.755
-0.717
-0.738
-0.717
-0.271
-0.630
-0.923
-0.411
-0.534
-0.604
-0.752
-0.788
-0.506
-0.363
-0.809
-0.646
-0.591
-0.670
-0.884
-0.649
-0.378
-0.757
-0.550
-0.397
-0.440
-0.882
-0.407
-0.350
-0.197
-0.488
-0.716
-0.344
-0.421
-0.761
-0.247
-0.267
-0.727
-0.363
-0.385
-0.229
-0.657
-0.782
-1.037
-0.478
-0.179
-0.704
-0.650
-0.445
-0.683
-0.457
-0.749
-1.064
-0.358
-0.521
-0.513
-0.818
-0.472
-0.618
-0.615
-0.894
-0.460
-0.597
-0.598
-0.847
-0.412
-0.870
-0.545
-0.483
-0.454
-0.453
-0.863
-0.446
-1.008
-0.393
-1.163
-0.847
-0.107
-0.534
-0.605
-0.638
-0.523
-0.376
-0.702
-0.567
-0.097
-0.099
-0.460
-0.699
-0.624
-0.203
-0.632
-0.387
-0.238
-0.774
-0.284
-0.502
-0.739
-0.792
-1.189
-0.901
-0.684
-0.511
-0.505
-0.661
-0.857
-0.173
-0.640
-0.580
-0.704
-0.521
-0.730
-0.418
-1.091
0.152
-0.279
-0.428
-0.582
-0.775
-0.709
-0.838
-0.757
0.088
-0.471
-0.731
-0.506
-0.977
-0.930
-0.576
-0.785
-0.700
-0.303
-0.025
-0.592
-0.730
-0.658
-0.060
-0.541
-0.401
-0.437
0.005
-0.729
-0.582
-0.714
-0.369
-0.841
-0.379
-0.328
-0.701
-0.450
-0.635
-0.602
-0.339
-0.909
-0.577
-0.691
-0.149
-0.490
-1.058
-0.303
-0.517
-0.280
-0.423
-0.566
-1.020
-0.698
-0.922
-0.578
-0.562
-0.247
-0.478
-0.530
-0.502
-0.665
-0.838
-0.319
-1.229
-0.571
-0.581
-0.696
-0.564
-0.290
-0.720
-0.685
-1.026
-0.604
-0.682
-0.176
-0.667
-0.380
-0.885
-1.121
-0.813
-0.345
-0.374
-0.505
-0.459
-0.387
-0.783
-0.416
-0.285
-0.443
-0.290
-0.540
-0.505
-0.416
-0.548
-0.714
-0.296
-0.257
-0.671
-1.014
-0.362
-0.794
-0.932
-0.650
-0.287
-0.840
-0.321
-0.573
-0.894
-0.518
-0.580
-0.618
-0.750
-0.255
-0.801
-0.847
-0.003
-0.589
-0.761
-0.336
-0.270
-0.603
-0.696
-1.161
-0.667
-0.888
0.057
-0.832
-0.839
0.050
-0.648
-0.230
-0.652
-0.743
-0.515
-0.951
-0.062
-0.652
-0.578
-0.528
-0.957
-0.945
-0.173
-0.344
-0.565
-0.753
-0.437
-0.467
-0.830
-0.054
-0.946
-0.711
-0.498
-1.000
-0.655
-0.385
-0.869
-0.391
-0.709
-0.495
-0.680
-0.501
-0.749
-0.823
-0.711
-0.496
-0.328
-0.461
-0.909
-0.761
-0.868
-0.853
-0.781
-0.413
-0.692
-0.401
-0.645
-0.821
-0.357
-0.676
-0.732
-1.013
-0.505
-0.075
-0.106
-0.959
-0.810
-0.561
-0.574
-0.352
-0.439
-0.535
-0.568
-0.713
-0.898
-0.364
-0.977
-0.459
-0.624
-0.817
-0.393
-0.725
-0.850
-0.679
-0.414
-0.429
-0.658
-0.730
-0.798
-0.700
-0.643
-0.426
-1.001
-0.424
-0.748
-0.634
-0.501
-0.563
-0.981
-0.455
-0.771
-0.674
-0.269
-0.505
-0.558
-0.287
-0.428
-0.727
-0.385
-0.472
-0.487
-0.939
-0.697
-0.271
-0.399
-0.479
-0.390
-0.053
-1.000
-0.334
-0.950
-0.369
-0.807
-0.667
-0.532
-0.239
-0.282
-0.602
-0.409
-0.575
-0.279
-0.238
-0.462
-0.778
-0.952
-0.522
-0.668
-0.924
-0.643
-0.716
-0.413
-0.730
-0.525
-0.755
-0.555
-0.498
-0.565
-0.392
-0.295
-0.455
-0.579
-0.247
-0.924
-0.740
-0.269
-0.319
-0.365
-0.741
-0.878
-0.558
-0.373
-0.136
-0.402
-0.419
-0.758
-0.438
-0.446
-0.809
-0.619
-0.791
-0.590
-0.398
-0.322
-0.526
-0.434
-0.856
-0.790
-0.499
-0.482
-0.945
-0.724
-0.455
-0.797
-0.467
-0.556
-0.431
-0.798
-0.612
-0.394
-0.590
-0.685
-0.043
-0.306
-0.639
-0.557
-0.711
-0.309
-0.218
-1.035
-1.096
-0.565
-0.096
-0.766
-0.557
-0.515
-0.387
-0.807
-0.841
-0.537
-0.664
-0.817
-0.610
0.142
-0.765
-0.524
-0.723
-0.706
-0.475
-0.466
-0.768
0.073
-1.144
-1.045
-0.339
-0.545
-0.649
-1.032
-0.435
-0.689
-0.174
-0.165
-0.617
-0.918
-0.703
-0.955
-0.782
-0.505
-0.840
-0.734
-1.086
-0.695
-0.451
-1.039
-0.466
-1.052
-0.913
-0.548
-0.430
-0.679
-1.060
-0.247
-0.875
-0.293
-0.404
-0.380
-0.482
-0.308
-0.337
-0.826
-0.141
-0.186
-0.445
-0.541
-0.382
-0.666
-1.067
-0.447
-0.436
-0.610
-0.767
-0.542
-0.415
-0.438
-0.418
-0.465
-0.462
-0.590
-0.472
-0.993
-0.552
-0.551
-0.768
-0.623
-0.533
-0.446
-0.732
-0.867
-0.661
-0.577
-0.824
-0.809
-0.504
-0.514
-0.612
-0.709
-0.672
-0.608
-0.522
-0.651
-0.502
-0.339
-0.662
-0.217
-0.579
-0.364
-0.715
-0.366
-0.547
-0.559
-0.819
-0.854
-0.434
-0.755
-0.627
-0.577
-0.655
-0.801
-0.840
-1.070
-1.062
-0.452
-0.266
-0.772
-0.885
-0.436
-0.741
-0.735
-0.364
0.150
-0.419
-0.727
-0.690
-0.947
-0.606
-0.420
-0.691
-0.895
-0.546
-0.811
-0.709
-0.851
-0.995
-0.861
-0.122
-0.360
-0.809
-0.765
-0.964
-0.354
-0.902
-0.589
-0.507
-0.695
-0.644
-0.637
-0.377
-0.688
-0.285
-0.841
-0.581
-0.201
-0.767
-0.872
-0.439
-0.441
-0.712
-0.791
-0.725
-0.920
-0.405
-0.692
-0.477
-0.647
0.079
-0.402
-0.883
-0.599
-0.307
-0.809
-0.620
-0.559
-0.410
-1.113
-0.787
-0.450
-1.029
-0.526
-0.629
-0.653
-0.405
-0.693
-0.691
-1.074
-0.376
-0.694
-0.505
-0.900
-0.492
-0.834
-0.576
-0.795
-0.481
-0.561
-1.179
-0.859
-0.717
-0.300
-0.590
-0.306
-0.394
-0.611
-0.707
-0.610
-0.602
-0.746
-0.822
-0.620
-0.801
-0.572
-0.406
-0.874
-0.937
-0.551
-0.643
-0.638
-0.586
-0.615
-0.272
-0.681
-0.520
-0.479
-0.742
-0.258
-0.522
-0.824
-0.777
-0.309
-0.282
-1.189
-0.481
-0.637
-0.458
-0.145
-0.410
-0.649
-0.558
-0.372
-0.409
-0.706
-0.650
-0.642
-0.426
-0.350
-0.742
-0.819
-0.706
-0.348
-0.711
-0.651
-0.143
-0.417
0.031
-0.426
-0.396
-0.578
-0.269
-0.521
-0.649
-0.556
-0.658
-0.040
-0.841
-0.345
-0.698
-0.977
-0.641
-0.529
-0.197
-1.294
-0.589
-0.690
-0.730
-0.837
-0.138
-0.831
-0.381
-0.627
-0.512
-0.684
-0.638
-0.831
-0.493
-0.664
-0.505
-0.104
-0.485
-0.666
-0.864
-0.663
-0.733
-0.780
-0.348
-0.433
-1.058
-0.480
-0.093
-0.881
-0.624
-0.527
-1.409
-0.449
-0.616
-0.544
-0.235
-0.284
-0.931
-0.496
-0.554
-0.730
-0.952
-0.739
-0.883
-0.494
-0.748
-1.124
-0.880
-0.597
-0.171
-0.681
-0.686
-0.441
-0.620
-0.995
-0.447
-0.851
-0.493
-0.617
-0.502
-0.253
-0.734
-0.801
-0.675
-0.588
-0.210
-0.441
-0.919
-0.713
-0.446
-0.825
-0.673
-0.622
-0.385
-0.467
-0.132
-0.695
-0.815
-0.746
-0.438
-0.726
-0.622
-0.613
-0.474
-0.152
-0.760
-1.239
-0.802
-0.775
-0.663
-0.770
-0.258
-0.435
-0.939
-0.285
-0.460
-0.663
-0.487
-0.695
-0.587
-0.536
-0.596
-0.722
-1.207
-0.969
-0.573
-0.480
-0.777
-0.780
-0.515
-0.920
-0.564
-0.634
-0.354
-0.734
-0.319
-1.037
-0.670
-0.267
-0.922
-0.832
-0.778
-0.390
-1.025
-0.457
-1.009
-0.220
-0.141
-0.338
-0.685
-0.251
-0.447
-0.742
-0.616
-0.721
-0.235
-0.574
-0.562
-0.623
-0.834
-0.536
-0.423
-0.665
-0.525
-0.469
-0.512
-0.935
-0.971
-0.496
-0.578
-0.417
-0.661
-0.380
-0.850
-0.646
-0.795
-0.441
-0.452
-0.514
-0.404
-0.360
-0.537
-0.536
-0.460
-0.425
-0.659
-0.551
-0.498
-0.069
-0.699
-0.708
-0.609
-0.728
-0.747
-0.844
-0.873
-0.660
-0.208
-0.512
-0.975
-0.165
-0.983
-0.467
-0.926
-0.025
-0.445
-0.963
-0.776
-0.526
-0.357
-0.893
-0.441
-0.914
-1.073
0.039
-0.460
-0.841
-0.631
-0.629
-0.848
-0.731
-0.817
-0.347
-0.244
-0.458
-0.752
-0.572
-0.225
-0.549
-1.011
-0.653
-0.767
-0.608
0.044
-0.568
-0.829
-0.587
-0.310
-0.904
-0.374
-0.403
-0.709
-0.655
-0.813
-0.271
-0.921
-0.389
-0.935
-0.781
-0.637
-0.720
-0.363
-0.691
-0.165
-0.608
-0.535
-0.284
-0.347
-0.362
-1.009
-0.599
-0.211
-0.498
-0.742
-0.681
-1.235
-0.706
-0.759
-0.454
-0.489
-0.628
-0.886
-0.847
-0.779
-0.664
-0.711
-0.455
-0.938
-0.520
-0.708
-0.859
-0.856
-0.233
-0.698
-0.205
-0.577
-0.900
-0.985
-0.445
-0.747
-0.420
-0.295
-0.874
-0.242
-0.836
-0.613
-0.194
-0.833
-0.511
-0.436
-0.495
-0.868
-0.551
-0.420
-0.425
-0.478
-0.761
-0.513
-0.034
-0.275
-0.549
-0.612
-0.458
-0.529
-0.705
-0.625
-0.838
-1.025
-0.712
-0.639
-1.091
-0.802
-0.592
-0.480
-0.829
-0.291
-0.274
-0.314
-0.927
-0.511
0.096
-0.702
-0.700
-0.409
-0.735
-0.691
-0.502
-0.849
-0.599
-0.734
-0.383
-0.737
-0.629
-0.642
-0.160
-1.125
-0.203
-0.910
-0.750
-0.705
-0.676
-0.785
-0.282
-0.169
0.027
-0.521
-0.347
-0.761
-0.361
-0.416
-0.336
-0.732
-0.509
-0.059
-0.978
-0.411
-0.561
-0.419
-0.304
-0.622
-0.623
-0.396
-0.370
-0.637
-0.331
-0.614
0.026
-0.386
-0.621
-0.631
-0.203
-0.262
-0.542
-0.730
-0.136
-1.016
-0.591
-0.672
-0.449
-0.478
-0.530
-0.677
-0.725
-0.553
-0.956
-0.059
-0.035
-0.424
-0.388
-0.547
-0.278
-0.972
-0.666
-0.804
-0.568
-0.728
-0.605
-0.409
-0.811
-0.416
-0.555
0.020
-0.524
-0.557
-0.592
-0.768
-0.397
-0.246
-0.665
-0.665
-0.613
-0.084
-0.636
-0.408
-0.461
-0.708
-0.533
-0.737
-0.468
-0.556
-0.620
-0.901
-0.498
-0.285
-0.438
-0.704
-0.832
-0.806
-0.535
-0.964
-0.174
-0.457
-0.945
-0.723
-0.704
-0.485
-0.624
-0.872
-0.823
-1.018
-0.752
-0.923
-0.710
-0.489
-0.768
-0.155
-0.320
-0.702
-0.531
-0.733
-0.585
-0.353
-0.999
-0.545
-0.358
-0.213
-0.451
-0.455
-0.329
-0.585
-0.959
-0.544
-0.614
-0.332
-0.549
-0.288
-0.861
-0.720
-0.133
-0.258
-0.703
-0.636
-0.745
-0.284
-0.389
-0.240
-0.723
-0.206
-0.538
-0.588
-0.397
-0.389
-0.593
-0.733
-0.763
-0.963
-0.735
-0.279
-0.607
-0.486
-0.231
-0.536
-0.607
-0.632
-0.463
0.036
-0.828
-0.529
-0.462
-1.022
-0.570
-0.726
-0.576
-0.636
-0.431
-0.285
-0.905
-0.639
-0.677
-0.184
-0.449
-0.542
-0.329
-0.831
-0.301
-0.659
-0.490
-0.574
-0.461
-0.675
-0.693
-0.784
-0.378
-0.714
-0.499
-0.515
-0.494
-0.931
-0.732
0.113
-0.558
-0.596
-0.478
-0.649
-0.560
-1.148
0.007
-0.488
-0.096
-0.780
-0.805
-0.764
-0.415
-0.616
-0.735
-0.789
-0.912
-0.508
-0.470
-0.482
-0.436
-0.491
-0.730
-0.692
-0.812
-0.412
-0.308
-0.653
-0.788
-0.197
-0.705
-1.075
-0.141
-0.584
-0.419
-0.623
-0.984
-1.102
-0.431
-0.208
-1.027
-0.548
-0.903
-0.529
-0.694
-0.929
-0.798
-0.739
-0.435
-0.242
-0.754
-0.882
-0.757
-0.156
-0.244
-0.689
-0.319
-0.247
-0.660
-0.552
-0.489
-0.529
-0.663
-0.789
-0.678
-0.934
-0.854
-0.445
-0.869
-0.506
-0.696
-0.623
-0.640
-0.645
-1.257
-0.832
-0.543
-0.453
-0.741
-0.534
-0.793
-0.278
-0.648
-0.766
-0.578
-0.340
-1.200
-0.782
-0.601
-0.629
-0.678
-0.176
-0.603
-0.449
-0.899
-0.664
-0.335
-0.244
-0.856
-0.441
-0.843
-0.182
-1.121
-0.349
-0.366
-0.826
-0.553
-0.516
-0.436
-0.450
-0.447
-0.919
-0.378
-0.649
-0.927
-0.377
-0.704
-0.928
-0.820
-0.833
-1.042
-0.356
-0.512
-0.571
-0.684
-0.665
-0.642
-0.545
-0.647
-0.686
-0.794
-0.447
-0.789
-0.858
-1.136
-0.796
-0.708
-0.326
-0.505
-0.793
-1.066
-0.465
-0.747
-0.376
-0.824
-0.674
-0.861
-0.343
-0.913
-0.825
-0.770
-0.385
-0.383
-0.859
-0.749
-0.355
-0.496
-0.630
-0.501
-0.682
-0.508
-0.578
-0.674
-0.762
-0.450
-0.666
-0.464
-0.431
-0.917
-0.795
-0.493
-0.665
-0.732
-0.232
-0.653
-0.467
-0.379
-0.688
-0.778
-0.674
-0.585
-0.703
-0.378
-0.824
-0.758
-0.775
-0.341
-0.919
-0.140
-0.213
-0.237
-1.033
-0.243
-0.601
-0.653
-1.138
-0.408
-0.383
-0.437
-0.868
-1.062
-0.551
-0.705
-0.686
-0.191
-0.487
-1.122
-1.166
-0.704
-0.731
-0.300
-0.449
-1.031
-0.530
-0.538
-0.845
-0.373
-1.007
-0.533
-0.917
-0.218
-0.540
-0.664
-0.296
-0.287
-0.413
-0.459
-0.735
-0.715
-0.290
-1.007
-0.532
-0.510
-0.463
-0.683
-0.708
-0.825
-0.543
-0.434
-0.132
-0.975
-0.895
-0.348
-0.570
-0.994
-0.518
-0.230
-0.486
-0.626
-0.704
-0.646
-0.795
-0.595
-0.385
-0.763
-1.076
-0.674
-0.740
-0.171
-0.293
-0.400
-0.165
-0.497
-0.434
-0.554
-0.649
-0.621
-0.638
-0.104
-0.696
-0.775
-0.527
-0.560
-1.121
-0.350
-0.639
-0.613
-0.663
-0.409
-0.614
-0.425
-0.580
0.218
-0.738
-0.678
-0.848
-0.483
-0.389
-0.768
-0.562
-0.414
-0.294
-0.036
-0.500
-0.133
-0.785
-0.489
-0.579
-0.444
-0.702
-0.678
-0.908
-0.719
-0.368
-0.446
-0.600
-0.698
-0.445
-0.494
-0.590
-0.651
-1.060
-0.959
-0.343
-0.376
-0.073
-0.681
-0.395
-0.648
-0.496
-0.841
-0.622
-0.978
-0.518
-0.670
-0.366
-0.115
-0.574
-0.837
-0.724
-0.867
-1.020
-0.693
-0.450
-0.697
-0.960
-0.564
-0.503
-0.514
-0.866
-0.677
-0.480
-0.385
-0.676
-0.501
-0.325
-0.766
-0.625
-0.515
-0.161
-0.579
-0.441
-0.713
-0.778
-0.747
-0.806
-1.086
-0.735
-0.427
-0.757
-0.621
-0.181
-0.598
-0.740
-0.406
-0.412
-0.697
-1.010
-0.355
-0.819
-0.881
-0.776
-0.554
-0.822
-0.220
-0.731
-0.535
-0.707
-0.475
-0.331
-0.621
-0.812
-0.447
-0.739
-0.762
-0.555
-0.710
-0.328
-0.710
-1.118
-0.307
-0.732
-0.242
-0.812
-0.788
-0.464
-0.613
-0.562
-0.586
-0.658
-0.410
-0.645
-0.756
-0.501
-0.776
-0.751
-0.994
-0.560
-0.795
-0.845
-0.141
-0.406
-0.467
-0.643
-0.765
-0.733
-1.157
-0.439
-0.453
-0.939
-0.832
-0.378
-0.529
-0.759
-0.708
-0.590
-0.530
-0.625
-0.883
-0.552
-0.458
-0.758
-0.623
-0.405
-0.672
-0.781
-0.454
-0.558
-0.040
-0.440
-0.266
-1.161
-0.931
-0.336
-0.654
-0.656
-0.883
-0.528
-0.508
-0.769
-0.708
-0.668
-0.216
-0.635
-0.684
-0.715
-1.002
-0.686
-0.889
-0.748
-0.449
-0.482
-0.570
-0.285
-0.723
-0.607
-0.376
-1.260
-0.813
-0.877
-0.542
-0.664
-0.310
-0.462
-0.358
-0.708
-0.866
-0.866
-0.499
-0.529
-0.499
-0.953
-0.685
-1.131
-0.309
-0.730
-0.447
-0.913
-0.752
-0.420
-0.917
-0.475
-0.866
-0.627
-0.445
-0.730
-0.535
-0.664
-0.579
-0.144
-0.852
0.051
-0.573
-1.018
-0.817
-0.545
-0.719
-0.726
-0.702
-0.332
-0.902
-0.619
-0.490
-0.244
-0.474
-0.464
-0.607
-0.435
-0.697
-0.335
-0.590
-0.523
-0.779
-0.146
-0.450
0.202
-0.515
-0.906
-0.869
-0.380
-0.843
-0.726
-0.155
-0.549
-0.353
-0.537
-0.467
-0.218
-0.477
-0.377
-0.601
-0.587
-0.549
-0.399
-0.684
-0.588
-0.410
-1.077
-0.722
-0.161
-0.494
-0.627
-0.897
-0.604
-0.463
-0.966
-0.732
-0.457
-0.371
-0.537
-0.690
-0.077
-0.427
-0.752
-0.270
-0.641
-0.539
-0.403
-0.846
-0.377
-0.416
-0.615
-0.591
-0.526
-0.784
-0.429
-0.566
-0.965
-0.478
-0.800
-0.939
-0.590
-0.826
-0.711
-0.252
-0.295
-0.950
-0.619
-0.593
-0.379
-0.610
-0.184
-0.516
-0.608
-0.520
-0.404
-0.571
-0.672
-0.902
-0.602
-0.141
-0.447
-0.518
-0.759
-0.544
-0.335
-0.459
-0.216
-0.313
-0.618
-0.587
-0.806
-0.736
-0.624
-0.577
-0.743
-0.490
-0.838
-0.540
-0.469
-0.456
-0.380
-0.966
-0.182
-0.337
-0.142
-0.719
-0.774
-0.575
-0.565
-0.554
-0.933
-0.937
-0.421
-0.606
-0.829
-0.644
-0.636
-0.684
-1.147
-0.479
-0.428
-0.483
-0.641
-0.612
-0.672
-0.350
-0.365
-0.682
-0.114
-0.158
-0.294
-0.392
-0.352
-0.996
-0.687
-0.679
-0.757
-0.951
-0.233
-0.900
-0.329
-0.688
-0.440
-0.547
-0.463
-0.378
-0.528
-0.609
-0.383
-1.017
-0.208
-0.869
-1.114
-0.175
-0.531
-0.505
-0.621
-1.082
-0.297
-0.737
-0.345
-0.797
-0.888
-0.884
-0.118
-0.229
-0.547
-0.974
-0.917
-0.761
-0.578
0.024
-0.201
-0.620
-0.711
-0.450
-0.391
-0.393
-0.443
-0.617
-0.533
-0.141
-0.623
-0.300
-1.005
-0.968
-0.340
-0.843
-0.709
-0.559
-0.402
-0.871
-0.534
-0.355
-0.618
-0.936
-0.322
-0.740
-0.658
-0.352
-0.348
-0.635
-0.243
-0.576
-0.360
-0.454
-0.602
-0.538
-0.991
-0.422
-0.304
-0.362
-0.837
-0.488
-0.794
-0.403
-0.313
-0.436
-0.668
-1.048
-0.901
-0.480
-0.178
-0.976
-0.801
-0.405
-0.770
-0.731
-0.597
-0.736
-0.529
-0.852
-0.929
-0.959
-0.757
-0.891
-0.384
-0.995
-0.470
-0.424
-0.493
-0.783
-0.467
-0.558
-0.580
-0.550
-0.787
-0.209
-0.996
-0.516
-0.427
-0.506
-0.724
-0.630
-0.413
-0.651
-0.255
-0.339
-0.676
-0.726
-0.957
-0.477
-0.736
-0.517
-0.133
-0.335
-0.756
-0.361
-0.806
-0.617
-0.813
-0.723
-0.848
-0.738
-0.571
-0.620
-0.264
-0.420
-0.739
-0.636
-0.330
-0.453
-0.716
-0.699
-0.664
-0.794
-0.783
-0.933
-0.744
-0.087
-0.116
-0.539
-0.469
-0.292
-0.857
-0.701
-0.475
0.131
-0.355
-0.677
-0.196
-1.025
-0.971
-0.615
-0.741
-0.332
-0.700
-0.845
-0.799
-0.355
-0.841
-0.592
-0.404
-0.750
-0.423
-0.355
-0.627
-0.581
-0.559
-0.682
-0.366
-0.367
-0.480
-0.763
-0.310
-0.429
-0.832
-0.298
-0.780
-0.778
-0.807
-0.210
-0.284
-0.692
-0.500
-0.383
-0.566
-0.482
-0.316
-0.494
-0.794
-0.589
-0.178
-0.810
-0.602
-0.464
-0.596
-0.535
-0.813
-0.454
-0.796
-0.738
-0.264
-1.210
-0.966
-0.392
-0.665
-0.826
-0.674
-0.657
-0.725
-0.220
-0.559
-0.416
-0.288
-0.300
-0.780
-0.521
-0.736
-0.466
-0.520
-0.559
-0.671
-0.307
-0.385
-0.588
-0.984
0.019
-0.483
-0.020
-0.588
-0.421
-1.092
-0.459
-0.677
-0.569
-0.311
-0.883
-0.942
-0.318
-0.322
-0.478
-0.375
-0.500
-0.303
-0.801
-0.733
-0.216
-0.719
-0.484
-0.321
-1.119
-0.389
-0.462
-0.579
-0.843
-0.856
-0.644
-0.678
-0.443
-0.606
-0.737
-0.925
-0.611
-0.485
-0.770
-0.814
-0.604
-0.232
-0.953
-0.434
-1.080
-0.699
-0.634
-0.812
-0.077
-0.301
-0.751
-0.661
-0.805
-0.801
-0.413
-0.669
-0.391
-0.102
-0.515
-0.734
-0.281
-0.591
-0.223
-0.400
-1.264
-0.730
-0.571
-0.691
-0.829
-0.656
-0.819
-0.291
-0.332
-0.601
-0.455
-0.375
-0.144
0.302
-0.259
-0.554
-0.591
-0.621
-0.461
-0.220
-0.902
-0.628
-0.460
-0.889
-0.243
-0.490
-0.714
-0.386
-0.992
-0.288
-0.642
-0.277
-0.275
-0.368
-0.261
-0.318
-0.564
-0.395
-0.926
-0.881
-0.515
-0.560
-0.464
-0.677
-0.512
-0.026
-0.601
-0.909
-0.505
-0.067
-0.921
-0.498
-0.622
-0.407
-0.600
-0.707
-0.812
-0.354
-0.129
-0.643
-0.778
-0.890
-0.720
-0.435
-0.751
-0.483
-0.595
-0.540
-0.813
-0.395
0.015
-0.724
-0.646
-0.627
-0.397
-0.365
-0.969
-0.340
-0.471
-0.741
-0.485
-0.807
-0.503
-0.566
-0.396
-0.789
-0.369
-0.945
-0.525
-0.449
-0.768
-0.907
-0.701
-1.144
-0.812
-0.335
-0.360
-1.016
-0.720
-0.823
-0.483
-0.453
-0.421
-0.632
-1.095
-0.705
-0.958
-0.425
-0.453
-0.691
-0.436
-0.525
-0.623
-0.493
-0.457
-0.448
-0.980
-0.295
-0.262
-0.328
-0.782
-0.458
0.104
-0.282
-0.734
-0.895
-0.595
-0.397
-0.401
-0.236
-0.552
-0.746
-0.665
-0.600
-0.621
-0.632
-0.440
-0.765
-0.278
-0.716
-0.525
-0.350
-0.579
-1.087
-0.472
-0.836
-0.486
-0.807
0.169
-0.586
-0.721
-0.597
-0.980
-0.593
-0.443
-0.451
0.090
-0.526
-0.566
-0.308
-0.681
-0.014
-0.646
-0.366
-0.233
-0.831
-0.889
-0.541
-0.366
-0.134
-0.778
-0.508
-0.365
-0.332
-0.290
-0.743
-0.701
-0.436
-0.522
-0.211
-0.521
-0.298
-0.721
-0.972
-0.278
-0.416
-0.835
-0.667
-0.503
-0.662
-0.657
0.018
-0.984
-0.871
-0.550
-0.257
-0.390
-0.570
-0.815
-0.634
-0.361
-0.598
-0.548
-0.399
-0.543
-0.930
-0.577
-0.287
-0.496
-0.509
-0.379
-0.762
-0.635
-0.238
-1.052
-0.408
-0.629
-0.503
-0.569
-0.764
-0.230
-0.608
-0.758
-0.904
-0.528
-0.762
-0.754
-0.935
-0.742
-0.526
-0.445
-0.713
0.148
-0.732
-0.354
-0.708
-0.467
-0.592
-0.683
-0.798
-0.622
-0.539
-0.573
-0.636
-0.578
-0.475
-0.553
-0.070
-0.724
-1.002
-0.607
-0.590
-0.300
-0.456
-0.442
-0.859
-0.234
-0.455
-0.410
-0.793
-0.980
-0.591
-0.684
-0.543
-0.619
-0.886
-0.993
-0.773
-1.074
-0.786
-1.038
-0.173
-0.929
-0.670
-0.564
-0.877
-0.558
-0.817
-0.737
-0.730
-0.744
-0.464
-0.786
-0.421
-0.646
-0.470
-0.959
-1.060
-0.812
-0.918
-0.568
-1.160
-0.807
-0.665
-0.115
-0.599
-0.736
-0.424
-0.314
-0.415
-0.924
-0.630
-0.722
-0.393
-0.531
-0.941
-1.055
-0.561
-0.778
-0.733
-0.415
-0.695
-0.740
-0.650
-0.858
-0.942
-0.642
-0.632
-0.727
-0.423
-0.672
-0.650
-0.550
-0.961
-0.737
-0.547
-0.039
-0.563
-1.048
-0.680
-0.735
-0.876
-0.522
-0.399
-0.470
-0.752
-0.285
-0.406
-0.599
-0.818
-0.262
-0.616
-1.029
-0.224
-0.663
-0.773
-0.444
-0.775
-0.262
-0.840
-0.237
-0.259
-0.457
-0.155
-0.262
-0.740
-0.754
-0.424
-0.828
-0.749
-0.574
-0.386
-0.433
-0.624
-0.250
-0.759
-0.739
0.133
-0.544
-0.614
-0.734
-0.608
-0.723
-0.412
-0.532
-0.677
-0.693
-0.734
-0.328
-0.429
-0.981
-0.417
-0.158
-0.072
-0.767
-0.850
-0.471
-0.912
-0.792
-0.836
0.010
-0.627
-0.727
-0.729
-0.811
-0.613
-0.548
-0.871
-0.632
-0.786
-0.813
-0.983
-0.619
-0.665
-0.553
-0.656
-0.827
-0.679
-0.682
-0.635
-0.332
-1.211
-0.705
-0.530
-0.795
-1.013
-0.599
-0.873
-0.327
-0.266
-0.464
-1.111
-0.369
-0.607
-0.955
-0.484
-0.681
-0.902
-0.494
-0.956
-0.664
-0.517
-0.552
-0.205
-0.380
-0.518
-0.710
-0.435
-0.517
-0.533
-0.716
0.260
-0.284
-0.347
-0.661
-0.817
-0.763
-0.520
-0.585
-0.647
-0.812
-0.512
-0.796
-0.591
-0.938
-0.681
-0.840
-0.574
-0.498
-0.449
-0.529
-0.678
0.018
-1.080
-0.430
-0.831
-0.795
-0.600
-0.896
-0.665
-1.031
-0.757
-0.799
-0.768
-0.503
-0.447
-0.541
-0.997
-0.731
-0.880
-0.723
-0.920
-0.549
-0.158
-0.195
-0.888
-0.889
-0.380
-0.634
-0.038
-0.150
-0.964
-0.676
-0.378
-0.827
-0.577
-0.290
-0.674
-0.378
-0.928
-0.275
-0.634
-0.526
-0.582
-0.696
-1.000
-0.241
-0.430
-0.617
-0.321
-0.530
0.005
-0.130
-0.479
-1.042
-0.390
-0.382
-0.794
-0.053
-0.549
-0.814
-0.782
-0.687
-1.135
-0.937
-0.504
-0.895
-0.890
-0.515
-1.166
-0.576
-0.408
-0.389
-0.653
-0.568
-0.535
-0.756
-0.567
-0.474
-0.755
-0.574
-0.363
-0.214
-0.610
-0.684
-0.471
-0.539
-0.877
-0.405
-0.605
-0.993
-0.630
-0.912
-0.239
-0.471
-0.483
0.100
-0.506
-0.054
-0.579
-0.445
-0.782
-0.447
-0.898
-0.513
-0.795
-0.338
-0.530
-0.613
-0.409
-0.656
-0.404
-0.648
-0.994
-0.353
-0.707
-0.574
-0.870
-0.517
-0.152
-0.346
-0.494
-0.366
-0.708
-0.390
-0.402
-0.861
-0.326
-0.836
-0.708
-0.788
-0.488
-0.599
-0.816
-0.743
-0.661
-1.033
-0.561
-0.533
-0.344
-0.781
-0.343
-0.935
-0.205
-0.832
-0.814
-0.775
-0.516
-0.595
-0.526
-0.648
-0.952
-0.772
-0.822
-0.567
-0.423
-0.790
-1.149
-0.766
-0.574
-0.347
-1.204
-0.920
-0.435
-0.498
-0.711
-0.065
0.121
-1.008
-0.772
-0.507
-0.566
-1.058
-0.757
-0.668
-0.595
-0.315
-0.888
-0.577
-0.831
-0.674
-0.543
-0.841
-0.598
-0.594
-0.657
-0.388
-0.451
-0.884
-0.683
-0.775
-0.726
-0.899
-0.282
-0.095
-0.034
-0.553
-0.727
-1.056
-0.540
-0.848
-0.374
-0.744
-0.884
-0.265
-0.347
-0.782
-0.545
-0.833
-0.370
-0.449
-0.544
-0.811
-0.416
-0.543
-0.465
-0.844
-0.471
-0.726
-0.399
-0.090
-0.417
-0.666
-0.446
-0.520
-0.942
-0.669
-0.474
-0.803
-0.510
-0.648
-0.217
-0.840
-0.893
-0.488
-0.669
-0.873
-0.545
-0.614
-0.469
-0.707
-0.481
-0.517
-1.302
-1.099
-0.895
-0.415
-0.956
-0.398
-0.462
-1.038
-0.585
-0.747
-0.609
-0.837
-0.285
-0.439
0.121
-0.844
-0.421
-0.140
-0.668
-0.677
-0.504
-1.015
-0.543
-0.801
-0.789
-0.601
-1.023
-0.750
-0.699
-0.389
-0.626
-0.782
-0.921
-0.543
-0.648
-0.471
-0.828
-0.620
-1.152
-0.610
-0.381
-0.317
-0.648
-0.669
-0.672
-0.801
-0.322
-0.760
-0.520
-0.593
-0.487
-0.508
-0.568
-0.776
-0.432
-0.442
-0.403
-0.070
-0.584
-0.653
-0.254
-0.397
-0.322
-0.664
-0.667
-0.514
-0.365
-0.218
-0.840
-0.607
-0.451
-0.409
-0.692
-0.408
-0.677
-0.890
-0.722
-0.625
-0.562
-0.760
-0.496
-0.502
-0.329
-0.741
-0.346
-0.423
-0.703
-0.853
-0.479
-0.591
-1.196
-0.395
-0.755
-0.857
-0.330
-0.377
-0.541
-0.647
-0.495
-1.035
-0.052
-0.400
-0.663
-0.866
-0.804
-0.579
-0.889
-0.766
-0.222
-0.527
-0.712
-0.784
-0.564
-0.323
-0.923
-0.455
-0.088
-0.373
-0.815
-0.517
-0.774
-0.741
-0.780
-0.420
-1.058
-0.633
-0.423
-0.876
-0.667
-1.021
-0.458
-0.586
-0.755
-0.352
-0.736
-0.621
-0.768
-0.861
-0.513
-0.535
-0.355
-0.518
-0.516
-0.302
-0.876
-0.544
-0.512
-0.687
-0.497
-0.691
-0.404
-0.671
0.021
-0.573
-0.680
-0.318
-0.417
-0.585
-0.574
-0.528
-0.653
-0.393
-0.808
-0.258
-0.607
-0.938
-0.179
-0.092
-0.758
-0.708
-0.694
-0.745
-0.488
-0.792
-0.918
-0.588
-0.730
-0.670
-0.452
-0.593
-0.738
-0.759
-0.507
-0.670
-0.407
-0.770
-0.421
-0.601
-0.846
-0.770
-0.621
-0.669
-0.408
-0.616
-0.631
-0.739
-0.885
-0.256
-0.558
-0.537
-0.861
-0.715
-0.447
-0.516
-0.953
-0.881
-0.283
-0.239
-0.761
-0.372
-0.053
-0.758
-0.388
0.223
-0.167
-0.571
-0.876
-0.474
-1.046
-0.349
-0.091
-0.891
-0.710
-0.928
-0.433
-1.107
-0.914
-0.597
-0.930
-0.684
-0.360
-0.338
-0.726
-0.035
-0.490
-1.139
-0.742
-0.210
-0.460
-0.598
-0.401
-0.117
-0.561
-0.295
-0.572
-0.651
-0.617
-0.504
-0.149
-0.453
-0.565
-0.490
-0.680
-1.031
-0.207
-0.171
-0.467
-0.666
-0.799
-0.927
-0.260
-0.779
-0.823
-0.562
-0.176
-0.378
-0.163
-0.537
-0.373
-0.273
-1.019
-0.715
-0.788
-0.508
-0.500
-0.246
-0.459
-0.698
-0.431
-0.544
-0.327
-0.379
-0.267
-0.346
0.135
-1.072
-0.724
-0.793
-0.625
-0.745
-0.465
-0.068
-0.680
-0.556
-0.440
-0.352
-0.913
-0.273
-0.571
-0.977
-0.426
-0.678
-0.609
-0.727
-0.846
-0.674
-0.752
-0.566
-0.749
-0.791
-0.053
-0.426
-0.620
-0.787
-0.349
-0.732
-0.430
-0.514
-1.085
-0.767
-0.580
-0.911
-0.196
-0.579
-0.474
-0.660
-0.440
-0.591
-0.888
-0.941
-0.567
-0.581
-0.755
-0.366
-0.970
-1.130
-1.071
-0.761
-1.119
-0.743
-0.608
-1.035
-0.914
-0.495
-0.649
-0.266
-0.619
-0.744
-0.661
-1.026
-0.283
-0.607
-0.526
-0.343
-0.369
-0.613
-0.254
-0.320
-0.548
-0.971
0.125
-0.926
-0.643
-0.135
-0.519
-0.280
-0.719
-0.380
-0.725
-0.198
-0.680
-0.323
-0.411
-0.525
-0.052
-0.330
-0.389
-0.243
-0.616
-0.793
-0.386
-0.955
-0.480
-0.585
-0.560
-0.278
-0.387
-0.671
-0.530
-0.664
-0.697
-0.591
-0.522
-1.010
-0.919
-0.559
-0.751
-0.723
-0.351
-0.791
-0.616
-0.752
-0.156
-0.481
-1.001
-0.366
-0.489
-0.746
-0.590
-0.505
-0.160
-0.633
-0.788
-0.967
-0.814
-0.939
-0.582
-0.155
-0.331
-0.551
-0.627
-0.663
-1.097
-0.935
-0.140
-0.744
-0.248
-0.958
-0.433
-0.344
-0.210
-0.546
-0.241
-0.760
-0.822
-0.352
-0.625
-0.467
-0.870
-0.382
-0.471
-0.555
-0.665
-0.558
-0.754
-0.983
-0.956
-0.647
-0.519
-0.547
-1.100
-0.492
-1.111
-0.649
-0.449
-0.809
-0.393
-0.325
-0.795
-0.693
-0.657
-0.673
-0.658
-0.659
-0.471
-0.367
-0.292
-0.757
-0.412
-0.737
-0.338
-0.406
-0.754
-0.834
-0.868
-0.608
-0.672
-0.616
-0.429
-0.684
-0.462
-0.635
-0.521
-0.867
-0.865
-0.772
-0.612
-0.601
-0.770
-0.508
-0.351
-0.363
-0.541
-0.618
-0.756
-0.683
-0.422
-0.599
-0.810
-0.585
-0.607
-0.070
-0.727
-0.901
-0.645
-0.300
-0.741
-0.441
-0.585
-0.765
-0.344
-0.738
-0.715
-0.665
-0.750
-0.486
-0.437
-0.606
-0.834
-0.179
-0.241
-0.532
-0.544
-0.551
-0.185
-0.333
-0.986
-1.098
-0.657
-0.840
-0.518
-0.767
-0.376
-0.794
-0.532
-0.567
-0.541
-0.582
-0.574
-0.672
-0.679
-0.379
-0.422
-0.722
-0.601
-0.729
-0.333
-0.785
-0.475
-0.729
-0.592
-0.402
-0.660
-0.754
-0.505
-0.589
-0.206
-0.739
-0.883
-0.350
-0.627
-0.331
-0.154
-0.993
-0.453
-0.733
-0.620
-0.688
-0.728
-0.352
-0.350
-0.317
-0.792
-0.098
-0.921
-0.384
-0.690
-0.397
-0.662
-0.777
-0.417
-0.612
-0.624
-0.837
-0.837
-0.741
-0.602
-0.151
-0.431
-0.321
-0.567
-0.771
-0.780
-0.149
-0.600
-0.066
-0.288
-0.730
-0.783
-0.537
-0.649
-0.371
-0.785
-0.876
-0.715
-0.628
-0.310
-0.654
-0.761
-0.722
-0.433
-0.365
-0.640
-0.650
-0.961
-0.690
-0.742
0.281
-0.430
-0.740
-0.605
-0.541
-0.593
-0.213
-0.671
-0.414
-0.326
-0.418
-0.556
-0.602
-0.822
-0.430
-0.880
-0.487
-0.605
-0.557
-0.389
-0.199
-0.166
-0.922
-0.879
-0.511
0.106
-0.787
-0.327
-0.279
-0.647
-0.661
-0.771
-0.479
-0.729
0.034
0.220
-0.992
-0.003
-0.512
-0.444
-0.617
0.003
-0.405
-0.690
-0.671
-0.566
-0.599
-0.412
-0.762
-0.577
-0.552
-0.834
-0.385
-0.170
-0.525
-0.440
-0.639
-0.534
-0.503
-0.650
-0.707
-0.581
-0.709
-0.669
-0.477
-0.578
-0.769
-0.367
-0.642
-0.884
-0.821
-0.704
-0.513
-1.182
-0.509
-0.498
-0.425
-0.523
-0.691
-0.838
-0.716
-0.348
-0.737
-0.757
-0.801
-0.637
-0.476
-0.800
-0.005
-0.433
-0.474
-0.352
0.001
-0.499
-0.605
-0.291
-0.286
-0.753
-0.621
-1.000
-0.646
-0.479
-0.557
-0.485
-0.781
-0.526
-0.614
-0.026
-0.528
-0.477
-0.933
-0.823
-0.534
-0.723
-0.628
-0.523
-0.178
-0.506
-0.413
-0.343
-0.648
-0.129
-0.853
-0.573
-0.314
-0.633
-0.579
-0.454
0.086
-0.661
-0.496
-0.687
-0.863
-0.485
-0.484
-0.525
-0.754
-0.065
-0.613
-0.448
-0.810
-0.448
-0.740
-0.648
-0.380
-0.747
-0.637
-0.908
-0.077
-0.426
-0.247
-0.745
-1.202
-0.221
-0.709
-0.448
-0.701
-0.460
-0.732
-0.759
-0.498
-0.492
-0.467
-0.415
-1.012
-0.751
-0.958
-0.106
-0.619
-0.525
-0.949
-0.834
-0.304
-0.529
-0.183
-0.434
-0.610
-0.596
-0.631
-1.018
-0.979
-0.387
-0.618
-0.889
-0.373
-0.754
-0.189
-0.501
-0.480
-0.757
-0.731
-0.805
-0.723
-0.154
-0.429
-0.860
-0.599
-0.534
-0.671
-0.413
-0.251
-0.884
-0.850
-0.254
-0.261
-1.095
-0.724
-0.831
-0.269
-0.251
-0.264
-0.599
-0.840
-0.841
-0.611
-1.078
-0.668
-0.800
-0.751
-0.257
-0.867
-0.740
-0.270
-0.381
-0.823
-0.956
-0.611
-0.732
-0.454
-0.601
-0.445
-0.532
-0.354
-0.598
-1.028
-0.296
-0.516
-0.702
-0.930
-0.756
-0.138
-0.901
-0.643
-0.926
-0.517
-0.697
-0.575
-0.270
-0.772
-0.500
-0.287
-0.940
-0.228
-0.559
-0.618
-0.537
-0.592
-0.562
-0.671
-0.142
-0.700
-0.704
-0.909
-0.229
-0.419
-0.579
-0.008
-1.034
-0.826
-0.489
0.135
-0.584
-0.472
-0.621
-0.641
-0.726
-0.454
0.159
-0.382
-0.764
-0.605
-0.775
-0.749
-0.541
-0.464
-0.531
-0.890
-0.421
-0.603
-0.105
-0.349
-0.902
-0.485
-0.294
-0.674
-0.525
-0.306
-0.127
-0.408
-0.911
-0.931
-0.780
-0.558
-0.469
-0.751
-0.441
-0.520
-0.693
-0.520
-0.248
-0.278
-0.621
0.279
-0.688
-0.520
-0.604
-0.689
-0.317
-0.970
-0.583
-0.749
-0.732
-0.361
-0.357
-0.807
-0.556
-0.498
-0.164
-0.619
-0.591
-0.131
-0.716
-0.926
-0.466
-0.516
-0.242
-0.386
-0.939
-0.526
-0.545
-0.887
-0.714
-0.793
-0.293
-0.241
-0.210
-0.746
-0.531
-0.402
-0.426
-0.932
-0.892
-0.700
-0.303
-0.588
-0.670
-0.713
-0.758
-0.492
-0.522
-0.574
-0.792
-0.319
-0.816
-0.516
-0.458
-0.596
-0.562
-0.321
-0.464
-0.785
-0.270
-0.601
-0.726
-0.343
-0.219
-0.701
-0.634
-0.659
-0.748
-0.387
-0.262
-0.878
-0.635
-0.315
-0.219
-0.725
-0.764
-0.558
-0.955
-0.751
-0.614
-0.668
-0.646
-0.408
-0.449
-0.826
-0.352
-0.447
-0.745
-0.811
0.106
-0.254
-0.569
-0.955
-0.253
-0.710
-0.277
-0.652
-0.663
-0.913
-0.372
-0.520
-1.035
-0.436
-0.635
-0.836
-0.111
-0.348
-0.450
-0.679
-0.744
-0.678
-0.740
-0.775
-0.473
-0.410
-0.520
-0.664
-0.642
-0.187
-0.287
-0.662
-0.584
-0.552
-0.681
-0.349
-0.472
-0.279
-0.517
-1.038
0.139
-0.691
-0.751
-0.799
-1.016
-0.609
-0.798
-0.670
-0.649
-0.743
-0.570
-0.392
-0.582
-0.637
-0.598
-0.626
-0.758
-0.792
-0.508
-0.391
-0.781
-0.375
-0.892
-0.770
-0.773
-0.350
-0.445
-1.080
-0.164
-0.352
-0.432
-0.740
-0.510
-0.610
-0.254
-0.495
-0.573
-0.331
-0.614
-0.559
-0.808
-1.040
-0.751
-0.668
-0.555
-0.626
-0.619
-0.696
-0.817
-0.580
-0.840
-0.963
-0.519
-0.610
-0.910
-0.215
-0.461
-0.401
-0.640
-0.613
-0.389
-0.526
-0.978
-0.458
-0.525
-0.258
-0.285
-0.457
-0.806
-0.899
-0.394
-0.428
-0.711
-0.488
-0.538
-0.391
-0.666
-0.846
-1.040
-0.516
-0.464
-0.717
-0.823
-0.658
-0.682
-0.317
-0.293
-0.398
-0.682
-0.944
-0.444
-0.849
-0.727
-0.398
-0.450
-0.538
-0.358
-0.643
-0.737
-0.462
-0.134
-0.741
-0.429
-0.458
-0.442
-0.621
-0.898
-0.475
-0.718
-0.619
-0.978
-0.291
-0.483
-0.639
-0.370
-0.276
-0.638
-0.807
-0.437
-0.784
-0.421
-0.871
-0.866
-0.848
-0.838
-0.246
-0.566
-0.350
-0.097
-0.369
-0.714
-0.588
-0.675
-0.869
-1.172
-0.780
-0.621
-0.440
-0.828
-0.007
-0.795
-0.668
-0.713
-0.869
-0.590
-0.726
-0.324
-0.709
-1.021
-0.649
-0.490
-0.444
-0.897
-0.183
-0.715
-0.231
-0.706
-0.545
-0.275
-0.464
-0.563
-0.602
-0.489
-0.584
-0.806
-0.404
-0.796
-0.653
-1.032
-0.620
-0.481
-0.917
-0.861
-0.738
-0.403
-0.717
-0.232
-0.625
-0.242
-0.565
-0.550
-0.104
-0.443
-0.669
-0.385
-0.854
-0.712
-0.721
-0.078
-1.000
-0.543
-0.961
-0.899
-0.662
-0.736
-0.490
-0.439
-0.280
-0.531
-0.738
-0.832
-0.669
-0.624
-0.784
-0.501
-0.725
-0.693
-0.979
-0.344
-0.704
-0.673
-0.077
-0.783
-0.668
-0.582
-0.511
-0.712
-0.380
-0.843
-0.669
-0.807
-0.455
-0.770
-0.369
-0.788
-0.675
-0.675
-0.446
-0.516
-0.878
-0.754
-0.885
-0.817
-0.524
-0.736
-0.398
-0.601
-0.392
-0.548
-0.608
-0.697
-0.849
-0.791
-0.520
-0.703
-0.726
-0.623
-0.372
-0.207
-0.836
-0.215
-0.215
-0.138
-0.400
-0.554
-0.606
-0.452
-0.649
-0.688
-0.962
-0.689
-0.780
-0.486
-0.675
-0.442
-0.475
-0.324
-0.578
-0.686
-0.032
-0.554
-1.170
-0.653
-0.842
-0.640
-0.478
-0.541
-0.621
-0.546
-0.689
-0.861
-0.919
-0.831
-0.948
-0.842
-0.778
-0.768
-0.056
-0.080
-0.647
-0.900
-0.427
-0.385
-0.622
-1.116
-0.956
-0.618
-0.652
-0.511
-0.444
-0.660
-0.430
-0.496
-0.131
-0.549
-0.433
-0.165
-0.492
-0.544
0.022
-0.751
-0.369
-0.323
-0.456
-0.661
-0.459
-0.335
-0.419
-1.133
-1.028
-0.567
-0.305
-0.707
-0.309
-0.695
-0.786
-0.171
-0.812
-0.513
-0.702
-0.644
-0.407
-0.630
-0.787
-0.765
-0.230
-0.779
-0.039
-0.421
-0.200
-0.207
-0.798
-0.555
-0.073
-0.715
-1.070
-0.705
-0.582
-1.145
-0.493
-0.853
-0.789
-0.682
-0.466
-0.734
-0.394
-0.645
-0.591
-0.862
-0.523
-0.255
-0.612
-0.516
-0.613
-0.928
-0.824
-1.014
-0.707
-0.708
-0.268
-1.207
-0.637
-1.134
-0.260
-0.669
-0.340
-0.629
-0.603
-0.598
-0.685
-0.705
-0.523
-0.418
-0.629
-0.373
-0.593
-0.673
-0.555
-0.402
-0.816
-0.323
-0.882
-0.400
-0.846
-0.584
-0.425
-0.603
-0.719
-0.968
-0.580
-0.322
-0.893
-0.431
-0.559
-1.005
-0.714
-0.487
-0.591
-0.989
-0.792
-0.204
-0.610
-0.704
-0.657
-0.742
-0.652
-0.535
-0.882
-0.377
-0.945
-0.618
-0.777
-0.262
-0.806
-0.498
-0.984
-0.321
-0.478
-0.426
-0.314
-0.388
-0.160
-0.468
-0.764
-0.652
-0.484
-0.855
-1.065
-0.330
-0.339
-0.341
-0.755
-0.964
-0.395
-0.085
-0.696
-0.605
-0.829
-0.221
-0.450
-0.594
-0.079
-0.750
-0.276
-0.407
-0.255
-0.191
-0.694
-0.403
-0.631
-0.413
-0.617
-0.759
-0.156
-0.803
-0.738
-0.428
-0.530
-0.588
-0.364
-0.513
-0.546
-0.667
-0.601
-0.560
-0.533
-0.952
-0.922
-0.691
-1.041
-0.557
-0.886
-0.601
-0.847
-0.894
-0.704
-0.744
-0.573
-0.784
-0.661
-0.585
-0.645
-0.679
-0.484
-0.675
-0.342
-0.318
-0.746
-1.093
-0.315
-0.535
-0.273
-0.456
-0.324
-0.369
-0.342
-0.380
-0.255
-0.161
-0.040
-0.617
-0.506
-0.618
-0.696
-0.782
-0.937
-0.838
-0.713
-0.461
-0.563
-0.649
-0.801
-0.526
-0.781
-0.820
-0.548
-0.034
-0.929
-0.710
-0.834
-1.025
-0.775
-0.358
-0.563
-0.544
-0.861
0.135
-0.462
-0.403
-0.663
-0.919
-0.755
-0.897
-0.410
-0.568
-0.432
-0.863
-0.641
-0.786
-0.803
-0.401
-0.650
-0.595
-0.466
-0.252
-0.755
-0.894
-0.377
-0.702
-0.441
-0.399
-0.276
-0.637
-0.223
-0.335
-0.667
-0.400
-1.052
-0.882
-0.271
-0.603
-0.366
-1.116
-0.618
-0.631
-1.047
-0.667
-0.938
-1.006
-0.745
-0.764
-0.466
-0.886
-0.300
-0.588
-0.510
-0.888
-0.277
-0.825
-0.622
-0.793
-0.783
-0.512
-0.676
-0.284
-0.268
-0.979
-0.428
-0.559
-0.291
-0.653
-0.519
-0.699
-0.299
-0.847
-0.335
-0.551
-0.215
-0.627
-0.694
-0.655
-0.339
-0.691
-0.623
-0.608
-0.784
-0.614
-1.058
-0.701
-0.861
-0.530
-0.559
-0.660
-0.791
-1.012
-0.943
-0.700
-0.553
-0.452
-0.674
-0.201
-0.722
-0.887
-0.585
-0.550
-0.913
-0.659
-0.702
-0.844
-0.559
-0.797
-0.633
-0.647
-0.597
-0.677
-0.331
-0.609
-0.614
-0.407
-0.638
-0.436
-0.533
-0.604
-0.811
-0.487
-0.479
-0.707
-0.881
-0.478
-0.449
-0.593
-0.635
-0.511
-0.699
-0.791
-0.378
-0.595
-0.788
-0.823
-0.524
-0.120
-0.648
-0.836
-0.482
-1.124
-0.131
-0.720
-0.718
-0.809
-0.974
-0.559
-0.756
-0.482
-0.793
-0.878
0.021
-0.754
-0.529
-0.376
-0.448
-0.621
-0.505
-0.606
-0.411
-0.192
-0.896
-0.271
-0.405
-0.438
-0.553
-0.622
-0.824
-0.371
0.064
-0.616
-0.909
-0.715
-0.651
-0.586
-0.345
-0.357
-0.721
-0.663
-0.329
-0.931
-0.669
-0.834
-0.344
-0.411
-0.344
-0.746
-0.684
-0.252
-0.505
-0.667
-0.712
-0.645
-0.463
-0.920
-0.507
-0.761
0.269
-0.834
-0.912
-0.625
-0.552
-0.906
-0.546
-0.676
-0.520
-0.745
-0.801
-0.740
-0.952
-0.698
-0.315
-0.373
-0.010
-0.688
-0.778
-1.080
-0.846
-0.810
-0.592
-0.595
-0.859
-0.538
-0.500
-0.475
-0.534
-0.871
-0.590
-0.820
-0.579
-0.380
-0.556
-0.720
-0.670
-0.985
-0.355
-0.651
-0.719
-0.846
-0.424
-0.618
-0.588
-0.526
-0.834
-1.235
-0.103
-0.598
-0.810
-0.480
-0.718
-0.123
-0.405
-0.365
-0.352
-0.527
-0.399
-0.929
-0.508
-0.644
-1.039
-0.788
-0.481
-0.452
-0.303
-0.609
-0.637
-0.785
-0.684
-0.750
-0.867
-0.749
-0.420
-0.898
-0.641
-0.474
-0.464
-0.636
-0.055
-0.433
-0.471
-0.380
-0.410
-1.033
-0.510
-0.651
-0.296
-0.569
-1.223
-0.548
-0.617
-0.511
-0.326
-0.381
-0.801
-0.619
-0.843
-0.798
-0.477
-0.204
-0.458
-0.664
-1.105
-0.539
-0.179
-1.019
-1.025
-0.531
-0.639
-0.667
0.022
-0.144
-0.812
-0.573
-0.897
-0.747
-0.631
-0.328
-0.681
-0.562
-0.122
-0.555
-0.340
-0.548
-0.581
-0.590
-0.299
-0.775
-0.484
-0.684
-0.826
-0.418
-0.200
-0.441
-0.372
-0.646
-1.076
-0.475
-0.615
-0.522
-0.827
-0.207
-0.656
-0.512
-0.590
-0.666
-0.747
-0.957
-0.471
-0.868
-0.860
-0.521
-0.629
-0.773
-0.380
-0.480
-0.594
-0.357
-0.735
-0.534
-0.563
-1.057
-0.814
-0.588
-0.421
-0.515
-0.442
-0.682
-0.615
-0.433
-0.739
-0.497
-0.142
-0.745
-0.543
-0.517
-0.804
-0.598
-0.439
-1.258
-0.851
-1.081
-0.385
-0.893
-0.459
-0.719
-0.621
-1.037
0.112
-0.474
-0.507
-0.545
-0.491
-0.389
-0.348
-0.422
-0.474
-0.581
-0.680
-0.217
-0.736
-0.278
-0.054
-0.450
-0.223
-0.444
-0.380
-0.484
-0.455
-0.848
-0.456
-0.722
-0.547
-0.849
-0.455
-0.643
-0.725
-0.813
-0.549
-0.366
-1.098
-0.713
-0.618
-0.632
-0.599
-0.522
-0.345
-0.784
-0.395
-0.729
-0.156
-0.670
-0.276
-0.626
-0.737
-0.380
-0.175
-0.357
-0.197
-0.679
-1.014
-0.743
-0.779
-0.577
-0.957
-0.370
-0.931
-0.460
-0.260
-0.494
-0.608
-0.504
-0.914
-0.588
-0.625
-0.591
-0.523
-0.620
-0.518
-0.579
-0.660
-0.542
-0.602
-0.478
-0.355
-0.236
-0.921
-0.718
-0.747
-0.521
-1.031
-0.640
-0.457
-0.425
-0.953
-0.280
-0.897
-0.509
-0.582
0.188
-0.635
-0.706
-0.649
-0.741
-0.793
-1.126
-0.662
-0.570
-0.680
-0.371
-0.824
-0.769
0.028
-0.974
-0.648
-0.545
-0.837
-0.253
-0.943
-0.815
-0.345
-1.019
-0.687
-0.561
-0.466
-0.297
-0.450
-0.757
-1.119
-0.725
-0.132
-0.562
-0.995
-0.802
-0.892
-0.536
-0.768
-0.542
-0.528
-0.668
-0.655
0.008
-0.564
-0.492
-0.776
-0.231
-0.487
-0.762
-0.286
-0.707
-0.680
-0.787
-0.413
-0.502
-0.962
-0.896
-0.695
-0.775
-0.734
-0.430
-0.733
-0.054
-0.411
-0.475
-0.380
-0.490
-0.467
-0.188
-0.273
-0.657
-0.491
-0.641
-0.540
-0.308
-0.716
-0.818
-0.807
-0.344
-0.821
-0.164
-0.719
-1.152
-0.397
-0.806
-0.433
-0.237
-0.892
-0.546
-0.571
-0.521
-0.625
-0.950
-0.673
-0.677
-0.384
-0.574
-0.439
-0.890
-0.543
-1.003
-0.381
-0.731
-0.593
-0.555
-0.743
-0.505
-0.817
-0.576
-0.420
-0.400
-1.020
-0.436
-0.724
-0.530
-0.256
-0.666
-0.043
-0.774
-0.637
-0.376
-0.501
-0.806
-0.441
-0.249
-0.721
-0.869
-0.858
-0.598
-0.586
-0.796
-0.751
-0.470
-0.638
-0.599
-0.644
-0.962
-0.584
-0.267
-0.665
-0.866
-0.832
-0.404
-0.700
-0.511
-0.456
-0.862
-0.408
-0.285
-1.115
-0.603
-0.504
-0.099
-0.498
-0.842
-0.461
-0.634
-0.439
-0.615
-0.457
-0.807
-0.408
-0.535
-0.658
-0.169
-0.911
-1.083
-0.195
-0.353
-0.619
-0.463
-0.368
-0.391
-0.178
-0.555
-0.535
-1.037
-0.725
-0.482
-0.331
-0.606
-0.738
-0.218
-0.519
-0.393
-0.697
-0.457
-0.746
-0.522
-0.885
-0.941
-0.081
-0.692
-0.911
-0.595
-0.695
-0.151
-0.370
-0.229
-0.710
-1.201
-0.714
-0.800
-0.490
-0.516
-0.704
-0.820
-0.768
-0.742
-0.552
0.101
-0.444
-0.860
-0.863
-0.347
-0.714
-1.196
-0.217
-0.609
-0.430
-0.404
-0.324
0.107
-0.733
-0.888
-0.005
-0.711
-0.743
-0.786
-0.814
-0.938
-0.676
-0.277
-0.507
-0.517
-0.740
-0.908
-0.727
-0.657
-0.508
-0.526
-0.511
-0.477
-0.342
-0.888
-0.462
-0.779
-0.631
-0.790
-0.378
-0.807
-0.136
-0.617
-0.480
-0.803
-0.429
-0.663
-0.964
-1.055
-1.151
-0.018
-0.951
-0.498
-0.858
-0.630
-0.408
-0.571
-0.706
-0.635
-0.472
-0.569
-0.508
-0.668
-0.734
-0.560
-1.077
-0.866
-0.374
-0.322
-0.639
-0.448
-0.064
-0.541
-0.477
-0.700
-0.528
-0.178
-0.628
-0.227
-0.471
-0.816
-0.583
0.025
-0.678
-0.619
-0.722
-0.798
-0.662
-0.749
-0.434
-0.638
-0.207
-0.501
-0.320
-0.288
-0.605
-0.729
-0.331
-0.161
-0.816
-0.348
-0.748
-0.613
-0.897
-0.299
-0.452
-0.625
-0.360
-0.740
-0.356
-0.765
-0.609
-0.645
-0.858
-0.895
-0.390
-0.714
-0.831
-0.363
-0.876
-0.332
-0.482
0.019
-0.855
-0.598
-0.147
-0.794
-0.668
-0.290
-0.159
-0.732
-0.630
-0.516
-0.341
-0.958
-0.588
0.004
-1.025
-0.865
-0.852
-0.567
-0.825
-0.374
-0.510
-0.257
-0.674
-0.697
-0.743
-0.019
-0.320
-0.637
-0.579
-0.247
-1.065
-0.541
-0.665
-0.562
-0.567
-0.409
-0.423
-0.351
-0.879
-0.636
-0.469
-0.835
-0.862
-0.606
0.049
-0.557
-0.756
-0.401
-0.394
-0.700
-0.518
-0.710
-0.742
-0.374
-0.879
-0.651
-0.146
-0.694
-0.946
-0.710
-0.116
-0.489
-0.587
-0.927
-0.960
-0.461
-0.271
-0.715
-0.629
-0.940
-0.967
-0.672
-1.105
-0.552
-0.517
-0.866
-0.426
-0.358
-0.422
-0.184
-0.870
-0.516
-0.603
-0.268
-0.694
-0.365
-0.380
-0.794
-0.915
-0.909
-0.458
-0.403
-0.273
-0.626
-0.311
-0.587
-0.812
-0.876
-0.682
-0.572
-0.621
-0.548
-0.514
-0.607
-0.580
-0.759
-0.301
-0.400
-0.629
-0.057
-0.627
-0.769
-0.510
-0.849
0.208
-0.443
-0.764
-0.581
-0.983
-0.615
-0.606
-0.492
-0.730
-0.697
-0.566
-0.937
-0.552
0.019
-0.447
-0.501
-0.208
-0.819
-0.252
-0.672
-0.682
-0.799
-0.505
-0.037
-0.640
-0.632
-0.885
-0.795
-0.976
-0.368
-0.806
-0.408
-0.739
-0.484
-0.580
-0.414
-0.703
-0.899
-0.703
-0.208
-0.541
-0.752
-0.535
-0.561
-0.635
-0.454
-0.562
-0.247
-0.766
-0.738
-0.445
-0.774
-0.587
-0.945
-0.476
-0.606
-0.492
-0.663
-0.865
-0.776
-0.609
-0.765
-0.596
-0.944
-0.842
-0.631
-0.438
-0.628
-0.969
-0.617
-0.347
-0.664
-0.728
-0.040
-0.684
-0.855
-0.712
-0.717
-0.399
-0.566
-0.569
-0.451
-0.601
-0.703
-0.618
-0.549
-0.620
-0.710
-0.993
-0.915
-0.640
-0.652
-0.467
-0.416
-0.684
-0.441
-0.603
-0.608
-0.779
-0.403
-0.635
-0.566
-0.603
-0.552
-0.388
-0.888
-0.597
-0.382
-0.747
-0.358
-0.442
-0.567
-0.469
-0.856
-0.280
-0.537
-0.645
-0.268
-0.583
-0.751
-0.968
-0.671
0.243
-0.224
-0.924
-0.598
-0.686
-0.279
-0.416
-0.377
-0.940
-1.045
-0.211
-0.669
-0.819
-0.788
-0.715
0.091
-0.310
-0.727
-0.738
-0.467
-0.779
-1.000
-0.512
-0.530
-0.036
-0.008
-0.124
-0.840
-0.263
0.058
-0.677
-0.148
-0.716
-0.594
-0.549
-0.480
-0.691
-0.423
-0.253
-0.796
-0.781
-0.607
-0.815
-0.751
-0.570
-0.875
-0.678
-0.539
-0.483
-0.233
-0.439
-0.628
-0.172
-0.373
-0.853
-0.557
-0.734
-0.219
-0.427
-0.565
-0.593
-0.271
-0.966
-0.721
-0.738
-0.575
-0.864
-0.826
-0.499
-0.490
-0.519
-0.504
-0.535
-0.462
-0.695
-0.356
-0.795
-0.362
-0.477
-0.479
-0.829
-0.686
-0.463
-0.432
-0.787
-0.791
-0.532
-0.258
-0.577
-0.454
-0.879
-0.352
-0.765
-0.632
-0.521
-0.446
-0.547
-0.516
-0.778
-0.357
-0.085
-0.366
-0.542
-0.189
-0.557
-0.401
-0.353
-0.481
-0.892
-0.531
-0.749
-0.753
-0.707
-0.683
-0.596
-0.596
-0.582
-1.046
-0.184
-0.972
-0.221
-0.587
-0.762
-0.513
-0.766
-0.559
-0.624
-0.261
-0.451
-0.618
-0.324
-0.350
-0.422
-0.735
-0.572
-1.116
-0.873
-0.833
-0.690
-0.724
-0.467
-0.390
-0.731
-0.315
-0.688
-0.592
-0.328
-0.675
-1.042
-0.820
-0.507
-0.921
-1.087
-0.866
-0.658
-0.482
-0.282
-0.638
-0.713
-0.586
-0.858
-0.705
-0.428
-0.640
-0.796
-0.585
-0.128
-0.514
-0.572
-0.415
-0.788
-0.627
-0.203
-0.161
-0.791
-0.396
-0.704
-0.526
-0.512
-0.634
-0.276
-0.423
-0.747
-0.587
-0.617
-0.414
-0.312
-0.364
-0.593
-0.516
-0.010
-0.793
-0.758
-0.805
-0.256
-0.740
-1.050
-0.705
-0.893
-0.432
-0.359
-0.943
-0.646
-0.619
-0.709
-0.791
-0.506
-0.421
-0.492
-0.260
-0.891
-0.565
-0.719
-0.622
-0.417
-0.776
-0.757
-0.439
-0.863
-0.819
-0.218
-1.023
-0.897
-0.563
-0.588
-0.366
-0.528
-0.603
-0.302
-0.592
-0.507
-1.019
-0.794
-0.269
-0.382
-0.844
-0.742
-0.779
-0.182
-0.014
-0.395
-0.697
-0.232
-0.999
-0.765
-0.262
-0.644
-0.756
-0.325
-0.237
-0.693
-0.337
-0.541
-0.469
-0.315
-0.070
-0.920
-0.884
-0.436
-0.514
-0.607
-0.638
-0.617
-0.423
-0.519
-0.834
-0.860
-0.392
-1.030
-0.585
-0.693
-0.541
-0.557
-0.335
-0.818
-0.658
-0.690
-0.093
-0.499
-0.439
-0.370
-0.821
-1.065
0.013
-0.778
-0.454
-0.540
-0.770
-0.657
-0.378
-0.297
-0.282
-0.582
-0.754
-0.713
-0.730
-0.846
-0.298
-0.900
-1.097
-0.205
-0.711
-0.074
-0.145
-1.046
-0.528
-0.595
-0.440
-0.511
-0.702
-0.885
-0.746
-0.296
-0.404
-0.475
-0.655
-0.757
-0.979
-0.451
-0.457
-0.658
-0.732
-0.709
-0.713
-0.490
-0.423
-0.514
-0.514
-0.423
-0.401
-0.296
-0.542
-0.647
-0.671
-0.452
-0.683
-0.516
-0.803
-0.418
-0.838
-0.656
-0.541
-0.392
-0.659
-0.534
-0.755
-1.083
-0.608
-0.523
-0.838
-0.459
-0.512
-0.803
-0.382
-0.679
-0.702
-0.433
-0.013
-0.651
-0.262
-0.107
-0.921
-0.226
-0.907
-0.633
-0.323
-0.547
-0.473
0.021
-0.454
-0.716
-0.737
-0.450
-0.776
-0.320
-0.324
-0.730
-0.544
-0.261
-0.875
-0.190
-0.799
-1.022
-0.686
-0.838
-0.602
-0.815
-0.646
-0.616
-0.443
-0.374
-0.607
-0.694
-0.593
-1.070
-0.385
-0.752
-0.366
-0.713
-0.547
-0.534
-0.891
-0.782
-0.587
-0.646
-0.080
-0.234
-0.456
-0.450
-0.312
-0.449
-0.445
-0.731
-0.638
-0.327
-0.451
-0.756
-0.491
-1.114
-0.540
-0.571
-0.734
-0.564
0.077
-0.701
-0.579
-0.764
-0.447
-0.999
-0.629
-1.214
-0.269
-0.385
-0.790
-0.358
-0.438
-0.257
-0.280
-0.501
-0.573
-0.744
-0.595
-0.907
-0.876
-0.674
-0.398
-0.280
-0.291
-0.613
-0.836
-0.382
-0.477
-0.517
-0.596
-0.494
-0.455
-0.842
-0.328
-0.764
-0.069
-0.693
-0.838
-0.597
-0.380
-0.266
-0.451
-0.483
-0.011
-0.796
-0.536
-0.426
-0.734
-0.569
-0.245
-0.777
-0.296
-0.458
-0.416
-0.624
-0.882
-1.022
-0.143
-0.520
-0.467
-0.620
-0.906
-0.430
-0.631
-0.687
-0.542
-0.308
-0.568
-0.375
-0.972
-0.579
-0.704
-0.216
-0.295
-0.308
-0.512
-0.446
-1.075
-0.789
-1.162
-0.127
-0.268
-0.577
-0.599
-0.805
-0.615
-0.541
-1.030
-0.788
-0.454
-0.908
-0.772
-0.406
-0.480
-0.293
-0.667
-0.443
-0.899
-0.845
-0.869
-0.675
-0.241
-0.693
-0.780
-0.497
-0.543
-0.627
-0.504
-1.050
-0.899
-0.224
-0.567
-0.892
-0.164
-0.443
-0.942
-0.892
-0.595
-1.002
-0.598
-0.740
-0.563
-0.636
-0.807
-0.592
-0.535
-0.799
-0.448
-0.504
-0.700
-0.549
-1.117
-0.073
-0.643
0.063
-0.507
-0.365
-0.679
-0.078
-1.074
-0.272
-0.204
-0.868
-0.571
-0.515
-0.439
-0.418
-0.090
-0.455
-0.717
-0.655
-0.362
-0.496
-0.676
-0.766
-0.346
-0.937
-0.926
-0.755
-0.575
-1.025
-0.403
-0.712
-0.756
0.038
-0.797
-0.683
-0.562
-0.734
-0.606
-0.322
-0.950
-0.673
-0.774
-0.502
-1.187
-0.531
-0.392
-0.674
-0.375
-0.819
-0.649
-1.011
-0.768
-0.362
-0.341
-0.592
-0.581
-0.285
-0.636
-0.942
-0.372
-0.454
-0.675
-0.549
-0.993
-0.377
-0.277
-0.587
-0.565
-0.709
-0.786
-0.773
-0.480
-0.407
-0.757
-0.392
-0.612
-0.523
-1.080
-0.421
-0.789
-0.524
-0.693
-0.700
-0.365
-0.431
-0.200
-0.623
-0.806
-0.368
-0.286
-0.376
-0.409
-0.687
-0.697
-0.303
-0.304
-0.788
-0.368
-0.298
-0.990
-0.293
-0.587
-0.502
-0.148
-0.271
-0.733
-0.172
-0.550
-0.355
-0.572
-0.919
-0.207
-0.565
-0.467
-0.238
-0.476
-0.724
-0.864
-0.978
-0.360
-0.981
-0.746
-0.746
-0.478
-0.283
0.020
-0.380
-0.825
-0.660
-0.445
-0.965
-0.830
0.010
-0.661
-0.391
-0.400
0.007
-0.563
-0.423
-0.504
-0.458
-0.085
-0.657
-0.804
-1.152
-0.653
-0.788
-0.518
-0.368
-0.191
-0.441
-0.878
-1.040
-0.764
-0.549
-0.962
-0.561
-0.423
-0.782
-0.159
-0.681
-0.678
-0.401
-0.732
-0.444
-0.740
-0.497
-0.908
-0.427
-0.022
-0.665
-0.496
-0.736
-0.293
-0.441
-0.605
-0.802
-0.466
-0.789
-0.487
-0.831
-0.456
-0.333
-0.745
-0.565
-0.923
-0.920
-0.430
-0.814
-0.579
-0.359
-0.758
-0.516
-0.411
-0.474
-0.389
-0.012
-0.540
-0.789
-0.427
-0.906
-0.276
-0.930
-0.756
-0.795
-0.960
-0.298
-0.443
-0.803
-0.295
-0.383
-0.381
-0.070
-0.878
-0.211
-0.380
-0.591
-0.258
-0.085
-0.490
-0.148
-0.301
-0.660
-0.583
-0.317
-0.920
-0.078
-0.588
-0.618
-0.964
-0.660
-0.717
-0.141
-0.413
-0.776
-0.797
-0.778
-0.234
-0.421
-0.612
-0.493
-0.630
-0.740
-0.706
-0.270
-0.423
-1.010
-0.057
-0.466
-0.858
-0.268
-0.806
-0.569
-0.601
-0.868
-0.228
-0.614
-0.591
-0.648
-0.664
-0.980
-0.866
-0.577
-0.493
-0.828
-0.379
-0.828
-0.467
-0.602
-0.815
-0.804
-0.605
-0.659
-0.431
-0.280
-0.626
-0.848
-0.701
-0.545
-0.512
-0.812
-0.828
-0.332
-0.783
-0.654
-0.398
-0.548
-0.782
-0.743
-0.761
-0.247
-0.960
-0.677
-0.429
-0.596
-0.547
-0.599
-0.919
-0.807
-0.467
-0.730
-0.690
-0.467
-0.175
-0.868
-0.641
-1.106
-0.906
-0.555
0.137
-1.068
-0.623
-0.472
-0.785
-0.455
-0.480
-0.770
-0.650
-0.309
-0.836
-0.387
-0.645
-0.874
-0.345
-0.765
-0.796
-0.386
-0.750
-0.871
-0.645
-0.711
-1.048
-0.703
-0.790
0.087
-0.602
-0.364
-0.424
-0.666
-0.793
-0.338
-0.908
-0.376
-0.618
-0.307
0.144
-0.551
-1.044
-1.087
-0.355
-0.841
-0.430
-0.633
-0.643
-1.102
-0.339
-0.282
-0.752
-0.796
-0.793
-0.817
-0.754
-0.876
-0.475
-0.601
-0.535
-0.229
-0.471
-1.232
-0.465
-0.281
-0.681
-0.516
-0.514
-0.843
-0.578
-0.541
-0.386
-0.613
-0.312
-0.765
-0.239
-0.481
-0.212
-0.617
-0.622
-0.394
-0.312
-0.783
-0.387
-0.356
-0.913
-0.950
-0.271
-0.670
-0.028
-0.672
-0.782
-1.138
-0.123
-0.986
-0.868
-0.565
-0.651
-0.921
-0.803
-0.769
-0.673
-0.606
-0.032
-0.719
-0.369
-0.212
-0.490
-0.249
-0.491
-0.524
-0.617
-0.839
-0.725
-0.448
-0.703
-0.462
-0.913
-0.584
-0.464
-0.318
-0.405
-0.499
-0.477
-0.493
-0.605
-0.528
-0.460
-0.935
-0.734
-0.505
-0.557
-0.738
-0.529
-0.457
-0.905
-0.780
-0.646
-0.665
-0.542
-0.613
-0.644
-0.829
-0.712
-0.902
-0.431
-0.761
-0.185
-0.832
-0.264
-0.714
-0.891
-0.810
-0.869
-0.515
-0.478
-0.595
-0.740
-0.602
-0.757
-0.328
-0.293
-0.604
-0.378
-0.460
-0.187
-0.331
-0.780
-0.738
-0.959
-0.851
-0.627
-0.562
-0.749
-0.489
-1.011
-0.762
-0.783
-0.406
-0.652
-0.788
-0.040
-0.655
-0.263
-0.082
-0.525
-0.426
-0.257
-0.290
-0.560
-0.857
-0.498
-0.626
-0.454
-0.448
-0.543
-0.481
-0.299
-0.617
-0.817
-1.003
-0.300
-0.840
-0.800
-1.009
-0.135
-0.492
-0.574
-0.833
-0.079
-0.466
-0.574
-0.864
-0.380
-0.568
-0.922
-0.493
-0.954
-0.243
-0.593
-0.103
-0.544
-0.303
-0.758
-0.469
-0.196
-0.883
-0.439
-0.776
-0.714
-0.583
-0.741
-0.754
-0.130
-0.361
-0.728
-0.325
-0.395
-0.628
-0.553
-0.709
-0.626
-0.899
-0.672
-0.472
-0.795
-0.654
-0.549
-0.443
-0.476
-0.559
-0.709
-0.415
-0.479
-0.723
-0.629
-0.696
-0.648
-0.705
-0.741
-0.170
-0.971
-0.551
-0.547
-0.584
-0.934
-0.664
-0.680
-0.977
-0.536
-0.625
-0.164
-0.194
-0.601
-0.270
-0.528
-0.712
0.020
-0.985
-0.746
-0.593
-0.644
-1.066
-0.188
-0.887
-0.423
-0.795
-0.166
-0.593
-0.749
-0.689
-0.577
-0.755
-0.796
-0.629
-0.683
-0.801
-0.739
-0.437
-0.594
-0.430
-0.493
-0.553
-0.344
-0.823
-0.810
-0.600
-0.097
-0.354
-0.390
-0.322
-0.787
-0.886
-0.537
-0.416
-0.617
-0.735
-0.470
0.014
-0.976
-0.773
-0.444
-0.624
-0.439
-0.658
-0.608
-0.372
-0.460
-0.639
-0.763
-0.011
-0.772
-0.692
-0.841
-0.009
-0.539
-0.741
-0.776
-0.699
-0.155
-0.792
-0.722
-0.516
-0.639
-0.541
-0.634
-0.882
-0.325
-0.683
-0.301
-0.263
-0.473
-0.394
-0.762
-0.371
-0.348
-0.933
-0.484
-0.626
-0.840
-0.446
-0.294
-0.954
-0.611
-0.219
-0.373
-0.899
-0.435
-0.719
-0.677
-0.906
-0.248
-0.707
-0.324
-0.771
-0.396
-0.525
-0.037
-0.843
-0.441
-0.502
-0.848
-0.814
-0.416
-0.973
-0.184
-0.597
-0.992
-0.177
-0.724
-0.677
-0.362
-0.301
-0.744
-0.498
-0.722
-0.707
-0.495
-1.172
-0.721
-0.146
-0.448
-0.061
-0.562
-0.756
-0.833
-0.606
-0.760
-0.659
-0.805
-0.142
-0.503
-0.696
-0.765
-0.581
-0.605
-0.469
-0.713
-0.610
-0.310
-0.525
-0.228
-0.477
-0.706
-0.627
-1.121
-0.553
-0.489
-0.598
-0.563
-0.709
-0.830
-1.033
-0.204
-0.135
-0.620
-0.140
-0.361
-1.285
-0.522
-0.414
-0.921
-1.023
-0.524
-0.493
-0.477
-0.919
-0.230
-0.731
-0.821
-0.227
-0.567
-0.452
-0.373
-0.941
-1.128
-1.085
-0.634
-0.801
-0.250
-0.867
-0.493
-0.698
-0.577
-0.418
-0.197
-0.565
-1.036
-0.413
-0.544
-0.769
-0.721
-0.557
-0.443
-0.419
-0.649
-0.563
-0.775
-0.368
-0.440
-0.399
-0.869
-0.831
-0.364
-0.720
-0.383
-0.546
-0.486
-0.333
-0.396
-0.815
-0.478
-0.731
-0.278
-0.928
-0.922
-0.673
-0.541
-0.450
-0.946
-0.791
-0.590
-0.623
-0.373
-0.453
-0.668
-0.568
-0.539
-0.723
-0.366
-0.588
-0.705
-0.752
-0.886
-0.189
-0.126
-0.498
-0.641
-0.656
-0.772
-0.816
-0.569
-0.624
-0.472
-0.660
-0.621
-0.540
-0.620
-0.692
-0.581
-0.563
-0.569
-0.679
-0.301
-0.112
-1.174
-0.793
-0.529
-0.959
-0.217
-0.535
-0.557
-0.626
-0.347
-0.573
-0.780
-0.230
-0.415
-0.020
-0.839
-0.546
-0.331
-0.451
-0.834
-0.540
-0.581
-0.590
-0.669
-0.392
-0.502
-0.644
-0.547
-0.744
-0.572
-1.125
-0.800
-0.744
-0.251
-0.402
-0.281
-0.241
-0.448
-0.952
-0.476
-0.678
-0.546
-1.035
-0.709
-0.124
-0.293
-0.291
-0.797
-0.312
-1.009
-0.679
-0.828
-0.509
-0.447
-0.635
-0.721
-0.176
-0.401
-0.757
-0.327
-1.104
-0.369
-0.629
-0.292
-0.478
-0.738
-0.169
-0.750
-0.567
-0.463
-0.268
-0.818
-0.973
-0.256
-0.519
-0.314
-0.879
-0.596
-0.894
-0.668
-0.349
-1.095
-0.767
-1.055
-0.898
0.103
-0.242
-0.315
-0.092
-0.808
-0.618
-0.425
-0.518
-1.041
-0.782
-0.654
-0.397
-0.582
-0.490
-0.742
-0.716
-0.154
-0.394
-0.351
-0.636
-0.824
-0.638
-0.115
-0.282
-0.514
-0.416
-0.428
-0.440
-0.396
-0.701
-0.482
-0.519
-0.203
-0.540
-0.729
-0.402
-0.349
-0.623
-0.250
-0.670
-0.705
-0.526
-0.424
-0.874
-0.750
-0.670
-0.795
-0.315
-0.773
-0.361
-0.816
-0.740
-0.536
-0.761
-0.422
-1.023
-0.495
-0.428
-0.477
-0.650
-0.612
-0.711
0.006
-0.259
-0.497
-0.389
-0.443
-0.285
-0.513
-0.796
-0.386
-0.806
-0.328
-0.590
-0.229
-0.714
-0.132
-0.403
-0.688
-0.298
-0.469
-0.165
-0.655
-0.970
-0.657
-0.317
-1.001
-0.468
-0.202
-0.555
-0.904
-0.734
-0.180
-0.195
-0.287
-0.649
-0.684
-0.499
-0.504
-0.591
-0.181
-0.804
-0.852
0.116
-0.975
-0.510
-0.666
-0.054
-0.823
-0.680
-0.505
-0.430
-0.667
-0.516
-0.910
-0.498
-0.257
-1.053
-0.364
-0.534
-0.416
-0.473
-0.455
-0.706
-1.270
-0.599
-0.856
-0.807
-0.470
-0.038
-0.457
-0.294
-0.853
-0.718
-0.517
-0.409
-0.934
-0.820
-0.552
-0.413
-0.724
-0.583
-0.292
-0.458
-0.379
-0.792
-0.611
-0.334
-0.330
-0.626
-0.810
-0.363
-0.937
-0.583
-0.398
-0.616
-0.545
-0.512
-0.340
-0.724
-0.600
-0.352
-0.427
-0.204
-0.571
-0.832
-0.812
-0.096
-0.426
-0.484
-0.172
-0.639
-0.418
-0.430
-0.375
-0.698
-0.945
-0.911
-0.300
-0.743
-0.704
-0.660
-0.403
-0.582
-0.668
-0.095
-0.532
-0.941
-0.510
-0.841
-0.489
-0.585
-0.466
-0.763
-0.727
-0.505
-0.747
-0.528
-0.601
-1.029
-0.414
-0.923
-0.367
-0.339
-0.374
-0.788
-0.945
-0.569
-0.696
-0.845
-0.526
-0.405
-0.707
-0.466
-0.094
-0.565
-0.852
-0.658
-0.795
-0.765
-0.464
-0.417
-0.603
-0.645
-0.866
-0.387
-0.619
-0.213
-0.203
-0.737
-0.578
-0.671
-0.526
-0.385
-0.360
-0.008
-0.881
-0.252
-0.728
-1.078
-0.694
-0.619
-0.244
-0.474
-0.786
-0.281
-0.557
-0.744
-0.487
-0.716
-0.778
-0.398
-0.621
-0.771
-0.289
-0.783
-0.867
-0.680
-0.433
-0.946
-0.787
-0.465
-0.494
-0.714
-0.028
-0.240
-0.744
-0.495
-1.063
-0.925
-0.421
-0.783
-0.777
-0.668
-0.278
-0.869
-0.718
-0.787
-0.687
-1.096
-0.264
-0.153
-0.907
-0.605
-0.330
-0.693
-0.293
-0.702
-0.535
-0.364
-0.709
-0.216
-0.628
-0.625
-0.829
0.060
-0.649
-0.767
-0.607
-0.481
-0.710
-0.187
-0.817
-0.344
-0.403
-1.333
-0.809
-0.743
-0.062
-0.448
-0.838
0.095
-0.512
-0.755
-0.680
-0.570
-0.450
-0.762
-0.843
-0.183
-0.495
-0.857
-0.850
-0.954
-0.987
-0.659
-0.769
-0.624
-0.602
-0.257
-0.664
-0.470
-0.496
-0.856
-0.808
-0.914
-0.785
-0.863
-0.692
-1.030
-0.773
-0.270
-0.548
-0.876
-0.640
-0.815
-0.683
-0.366
-0.492
-0.535
-0.057
-0.759
-0.661
-0.302
-0.653
-0.493
-0.523
-0.510
-0.787
-0.442
-0.500
-0.802
-0.715
-0.514
-0.598
-0.715
-0.630
-0.298
0.080
-0.725
-0.581
-1.020
-0.691
-0.269
-0.759
-0.544
-0.258
-0.634
-0.526
-0.964
-0.381
-0.796
-0.589
-0.579
-0.819
-0.518
-1.005
-0.721
-0.615
-0.516
-0.579
-0.615
-0.963
-0.583
-0.687
-0.644
-0.242
-0.397
-0.487
-0.485
-0.595
-0.541
-0.871
-0.735
-0.660
-0.520
-0.372
-0.416
-0.524
-0.621
-0.582
0.116
-0.623
-0.622
-0.400
-1.009
-0.453
-0.687
-0.079
-0.798
-0.555
-0.927
-0.910
-0.726
-0.240
-0.739
-0.645
-0.298
-0.466
-0.375
-0.341
-0.603
-0.445
-0.860
-0.683
-0.642
-0.602
-0.618
-0.658
-0.590
-0.500
-0.648
-0.855
-0.731
-0.459
-0.787
-0.839
-0.543
-0.243
-0.635
-1.170
-0.637
-0.533
-0.706
-0.836
-0.821
-0.850
-0.262
-0.647
-0.684
-0.756
-0.069
-0.553
-0.363
-0.472
-0.795
-0.439
-0.307
-0.460
-0.357
-0.116
-0.628
-0.759
-0.883
-0.644
-0.962
-0.530
-0.273
-0.352
-0.427
-0.628
-0.712
-0.487
-0.333
-0.251
-0.544
-0.864
-0.288
-0.791
-0.395
-0.362
-0.587
-0.472
-0.747
-0.898
-1.036
-0.404
-0.962
-1.078
-0.920
-0.509
-0.534
-0.413
-0.816
-0.564
-0.562
-0.531
-0.641
-0.560
-0.338
-0.288
-0.933
-0.626
-0.648
-0.587
-0.811
-0.310
-0.523
-0.538
-0.563
-0.675
-0.557
-0.548
-0.569
-0.321
-0.304
-0.673
-0.805
-0.292
-0.385
-0.785
-0.758
-0.909
-0.776
-0.500
-0.542
-0.460
-0.937
-0.307
-0.719
-0.543
-0.640
-0.751
-0.793
-0.541
-0.362
-1.247
-0.726
-0.491
-0.355
-0.584
-0.214
-0.680
-0.757
-0.959
-0.614
-0.281
-0.572
-0.970
-0.514
-0.975
-0.788
-0.488
-0.382
-0.482
-0.381
-0.556
-0.623
-0.255
-0.537
-0.679
-0.781
-0.513
-0.816
