-1.067
-0.178
-3.697
-2.467
-0.609
2.316
2.705
3.477
1.584
0.001
-3.552
3.395
5.527
-3.016
-3.125
0.409
1.682
3.500
-3.869
-4.533
-1.644
-5.581
-0.662
-1.976
1.585
-1.329
-0.993
3.203
4.890
2.550
-1.614
-0.965
0.431
1.756
-0.775
-3.696
0.093
5.256
0.333
0.713
0.501
-0.359
-1.511
4.797
0.211
-1.578
1.688
1.656
-1.172
3.383
-0.377
-2.683
-3.171
-0.204
0.528
-3.698
-3.152
-1.543
-5.938
-1.437
-0.750
4.455
2.213
3.026
-0.348
-2.093
-1.212
-3.708
2.127
1.587
-1.104
-4.505
0.510
-1.503
-3.245
-1.742
0.257
2.430
-1.711
-0.028
-1.528
-0.432
0.167
0.281
2.074
-1.895
-1.358
-6.254
-2.315
0.989
-2.217
0.051
0.985
-3.436
-1.390
3.347
1.234
0.228
-1.281
-1.625
0.174
-4.907
4.311
-1.242
-2.613
-0.786
-0.365
1.094
0.819
-0.343
-0.504
1.540
2.762
0.786
-1.321
1.466
0.282
1.640
-0.659
-1.660
3.385
-1.893
0.328
-1.655
-2.800
-0.075
-0.131
2.011
-1.337
-1.366
-0.101
2.120
-2.290
1.352
-0.587
-1.473
-0.131
-2.035
-3.650
-0.711
-1.369
0.345
-1.760
-1.898
-2.418
0.024
0.704
-2.471
0.730
1.209
0.538
-2.601
-3.147
-2.693
-1.055
1.914
-2.940
2.725
-1.409
1.364
-1.340
1.892
0.430
-2.609
1.565
-0.046
2.335
1.791
2.240
-0.169
-0.063
-0.612
-3.002
-0.542
-1.688
1.578
1.621
-3.686
0.577
1.852
-0.377
3.280
3.241
-2.774
0.290
-2.382
2.680
-1.408
-0.401
0.343
2.575
1.003
2.485
1.560
-0.145
0.653
-3.151
0.592
-3.839
-2.972
0.536
-2.112
2.728
2.675
2.747
-1.519
2.353
1.408
0.054
1.690
-2.800
0.750
-4.329
-1.323
3.424
3.095
2.414
-2.803
-3.619
1.481
2.788
-3.440
0.866
0.404
2.042
-0.799
1.801
-1.747
-2.193
0.453
-3.701
-2.507
0.913
-1.105
2.098
-3.365
-1.102
-0.068
1.474
2.299
-0.479
1.271
0.851
2.075
-1.603
2.268
-0.419
1.555
-2.015
-1.668
3.400
-0.166
-0.776
-5.882
-3.364
2.014
-1.362
0.443
-1.637
5.224
0.959
-0.470
1.638
1.019
2.771
-1.920
2.169
-0.798
1.800
0.539
1.019
-2.479
-2.112
-3.053
2.460
1.398
-0.028
0.235
-4.849
-2.562
-1.554
3.903
2.517
-2.199
-0.990
-2.712
-1.092
-1.979
-1.543
-1.263
-0.570
1.839
-0.455
-1.757
1.524
-1.504
-0.008
4.042
2.853
-0.874
-0.148
1.592
1.328
0.386
-0.864
3.483
0.335
-1.863
0.671
-3.895
-2.411
2.339
-0.023
2.613
1.406
0.217
-0.963
2.273
-0.892
0.280
0.603
-1.795
1.483
-6.621
1.443
-1.871
-0.704
0.118
2.072
-3.454
-1.268
2.712
-0.137
-0.747
4.364
3.340
-0.207
-2.277
-1.265
0.556
2.376
4.013
-0.394
-1.238
1.363
1.663
2.536
4.804
-1.499
-3.275
1.490
0.074
-0.922
0.758
-2.712
0.047
-1.250
1.164
1.589
0.951
-0.023
0.516
0.173
-0.377
-0.951
-1.111
0.249
0.826
0.404
-1.256
0.749
-2.410
1.957
-2.475
-0.053
-1.024
1.722
-0.816
-2.242
-0.906
-2.757
-1.245
-1.049
-2.152
1.973
1.211
-0.494
1.424
-0.054
0.321
-0.867
-2.569
1.427
-1.808
-1.167
-1.763
-0.147
-0.879
-2.291
3.222
-0.328
-2.150
2.281
0.792
3.721
1.525
-0.299
1.722
-2.561
0.396
1.013
-0.462
-0.167
0.249
4.909
2.630
-1.304
-0.614
-2.244
-2.591
0.810
1.925
2.331
-1.792
-0.398
2.627
3.414
-2.527
0.192
-1.534
-1.988
-1.771
1.131
-0.922
1.400
0.248
1.105
-0.199
1.934
1.156
1.152
1.569
-0.523
-2.802
3.635
0.088
-1.074
3.250
-2.380
2.484
-0.768
-2.270
-1.270
-2.483
-0.026
-3.509
-2.509
-1.762
-0.672
-3.649
-1.944
-0.618
0.935
-2.473
-0.607
-0.390
-4.224
-0.119
-1.701
-0.034
0.305
0.059
0.336
-1.489
-1.404
-1.186
3.851
0.351
-1.791
-1.011
-0.809
-1.645
-2.230
-0.355
1.764
-1.024
-0.794
-0.799
-3.865
-2.310
-0.758
3.393
3.251
4.258
-1.713
0.235
3.667
-1.110
1.150
1.911
-1.835
-1.350
-0.959
2.883
1.106
-1.272
-0.122
-2.540
-1.954
-0.065
1.539
0.100
-0.866
-0.613
-1.098
2.283
-0.070
2.054
-1.961
0.846
-1.293
-0.253
-0.964
1.727
-0.405
-0.286
1.352
1.253
-2.194
-2.718
0.098
0.196
0.713
-1.125
-2.525
-1.067
-1.746
-4.159
-1.017
2.602
1.666
-0.543
4.697
1.523
4.096
-0.363
1.680
2.894
-4.438
-0.794
-3.813
-1.602
-1.853
1.897
-1.646
-0.757
-1.865
0.882
-0.717
0.916
-0.663
-1.322
1.580
-1.899
2.277
-2.218
0.060
-0.574
2.178
-1.845
-2.616
-2.339
-0.602
-1.645
1.068
-1.688
-0.053
-0.004
1.603
1.683
-3.267
2.228
1.263
3.413
3.370
-3.372
-0.049
-0.608
0.044
-3.694
-1.568
-1.733
-0.234
-2.958
0.006
-0.765
-0.122
0.353
1.106
-2.093
0.132
3.724
3.421
-2.458
1.249
0.789
-0.482
-0.008
4.425
-3.573
-0.040
-0.591
-0.596
1.382
3.563
-2.576
0.714
-1.651
-1.362
-2.419
0.489
-0.526
-3.638
1.006
2.526
-1.918
-1.272
0.186
-0.075
-2.491
1.891
-2.041
-1.047
1.492
-0.004
1.174
1.204
-0.785
0.438
-3.090
1.606
-0.269
-0.701
1.589
-0.732
0.065
0.841
-0.230
-2.675
-2.131
0.120
1.373
-1.090
-1.808
1.926
3.067
-2.875
0.362
-4.885
-0.513
1.961
-5.534
3.040
2.724
-0.413
-2.752
-0.403
-0.253
-0.757
3.170
-0.236
-3.987
2.106
5.891
-0.441
3.907
3.188
-0.661
2.997
0.070
-3.434
-1.275
-3.192
-3.178
-1.727
2.426
-2.825
-0.661
-1.631
1.662
0.107
-4.136
-1.092
0.093
-3.491
-1.287
-1.236
-4.205
1.954
-3.170
-0.805
2.881
0.802
0.318
3.416
-1.706
1.991
2.815
3.767
-1.783
1.627
2.431
-1.387
-0.676
-1.527
-2.100
-1.310
-0.330
2.318
-1.775
1.417
-2.307
-0.408
1.848
3.803
-2.321
0.403
2.113
-0.981
0.839
-0.196
-0.974
-2.920
-0.471
-0.150
-4.541
1.233
0.695
-2.615
-3.439
-1.031
2.171
1.534
0.745
-3.407
4.452
-0.841
0.440
-2.687
-0.600
3.140
-2.194
1.524
1.111
0.211
0.474
-0.140
-0.682
-0.723
-0.420
-2.339
0.257
-1.137
-0.589
0.766
4.117
2.427
-0.888
0.579
1.028
0.043
-2.147
-1.270
0.357
1.575
1.214
-2.750
-0.652
-1.203
0.798
-0.314
-0.424
0.482
-2.976
3.484
-0.843
-1.475
2.035
-2.313
0.564
2.229
-4.394
0.440
1.201
-5.533
-3.490
-2.374
-0.556
-1.178
2.240
0.899
3.023
-0.099
1.883
0.730
-2.519
-1.202
1.490
0.715
-0.665
2.439
0.379
1.948
-0.137
1.467
-0.948
-1.132
-3.122
2.387
-1.077
-0.795
-2.573
1.022
-1.630
2.556
-1.267
-3.434
-0.988
-3.304
3.105
0.350
-0.403
-1.336
0.678
-0.542
-3.036
0.316
2.168
-2.438
-0.406
-0.116
-2.819
-1.459
2.527
1.309
0.546
-0.142
-0.525
-3.002
3.023
-2.008
3.259
0.556
-1.083
-0.258
0.909
-0.639
2.024
0.950
1.517
-3.154
-1.613
-0.477
2.313
0.957
-0.606
2.503
-2.043
-0.168
-1.434
-1.263
1.260
1.093
1.341
4.074
2.158
0.540
1.373
2.517
1.582
0.140
-0.149
0.515
-5.555
-5.827
0.494
2.525
0.702
3.278
-2.004
-0.617
3.156
6.313
0.067
-3.987
-0.006
-2.495
5.592
1.137
0.562
1.287
-2.720
2.111
-0.679
3.731
-3.192
0.857
1.581
1.369
-0.414
-1.483
-4.839
-0.977
2.227
-1.153
-3.186
-0.406
-1.587
4.148
-0.664
1.823
-2.743
-1.992
0.980
-2.786
-0.586
-1.412
-0.486
1.260
-0.764
1.047
0.536
-1.204
2.114
-2.442
1.416
-1.839
1.575
-0.223
-0.886
-0.712
-2.118
0.668
1.147
1.952
-2.293
0.686
-3.408
1.905
-0.115
1.782
-2.455
0.683
-1.743
-1.424
2.616
1.094
1.518
-0.518
-2.068
0.118
-1.160
-0.148
-2.097
-0.610
-1.857
0.092
-1.254
-1.553
0.777
-3.166
0.917
-1.586
1.413
3.364
-0.495
-1.954
-1.003
0.261
-1.004
-4.397
1.199
-3.153
0.864
1.737
-2.773
1.418
-2.570
-2.307
-1.747
0.023
0.104
1.843
0.901
1.261
-0.751
2.968
1.423
-1.847
-1.645
-2.684
-0.137
-4.042
-2.726
1.538
-1.012
-1.477
1.684
-4.491
-0.393
-3.729
0.226
-1.292
-0.078
2.388
-0.629
-0.155
-0.952
-2.270
2.613
2.494
0.732
-0.835
-0.590
1.938
3.207
2.974
3.716
0.193
0.960
-1.165
-1.199
3.476
1.409
-0.968
0.419
0.231
-2.132
-0.387
-2.056
0.209
-1.348
0.156
-0.375
-0.220
0.148
-7.292
-2.508
0.323
0.954
-0.016
0.961
0.794
-0.748
1.568
-0.837
2.340
-1.419
1.478
1.394
1.057
-0.086
0.462
0.051
1.031
-0.092
3.507
2.061
1.640
-0.559
-1.138
-1.540
1.351
-0.150
-0.775
-1.119
3.467
-1.570
-0.581
1.331
-1.700
2.148
-2.025
-1.391
1.843
2.157
0.328
0.841
-0.802
1.826
0.283
-0.764
0.897
1.033
-1.150
0.523
0.359
0.773
-2.679
-3.312
0.687
0.401
1.103
2.361
0.299
1.647
2.057
-2.492
0.224
-0.404
-3.109
1.787
1.472
-1.939
-3.740
-1.356
-3.026
1.171
0.148
-2.025
5.734
-2.373
2.879
2.159
-4.164
1.254
1.032
-1.507
2.539
-1.816
-0.621
1.533
1.637
0.450
-1.076
-0.146
2.319
-2.301
0.021
0.410
-4.061
-1.230
-2.892
-0.240
3.861
-2.286
3.665
-0.982
-1.526
0.807
-0.584
-0.392
1.244
-0.512
0.417
-1.867
2.238
0.217
-0.400
-2.568
-1.158
-1.456
0.009
2.249
0.859
0.098
-1.391
1.354
0.367
-1.989
-1.798
3.638
0.499
-0.791
3.704
-1.839
-5.089
0.820
-0.520
-0.436
4.233
0.518
2.209
-0.252
2.104
3.672
-1.305
-1.065
-0.381
-2.216
-2.400
1.256
-2.696
-2.879
-0.678
-3.185
-0.957
-1.024
0.127
0.774
-2.259
-1.716
2.038
-0.946
-0.356
4.100
0.948
2.949
2.651
2.523
-2.581
0.294
-0.199
-0.944
-2.438
-3.166
1.059
0.429
1.244
-0.574
-0.641
-2.085
-0.223
-1.475
-0.001
-0.889
1.017
-4.731
-1.240
0.304
-3.004
0.232
0.342
-0.876
0.890
0.652
1.180
-0.728
-0.693
-1.390
0.792
-2.007
1.721
-0.233
-1.429
-3.833
-0.902
0.326
0.156
-2.162
-0.823
-1.269
-1.038
-2.694
-0.124
-3.930
1.929
0.541
-0.002
-1.753
-0.718
-0.391
-0.169
-2.587
-0.725
-1.282
-0.018
-1.648
-0.383
-1.124
0.320
0.085
0.617
-1.001
0.680
1.855
-0.132
-0.653
-3.420
-1.687
1.022
-1.167
-2.012
0.437
-1.068
1.889
-2.423
-2.479
-1.817
-0.471
0.093
-1.590
2.093
-2.410
0.259
-4.444
1.504
-0.781
0.285
0.888
-0.228
-1.392
2.970
0.769
-0.044
-3.302
0.383
-5.981
2.246
-5.531
-2.518
-2.134
-0.952
0.259
0.631
-0.087
1.866
-2.546
-0.258
-1.690
3.978
-0.981
-0.008
-1.024
0.074
-3.282
-0.658
0.554
-0.638
4.763
-0.114
0.664
0.478
-0.271
-0.612
-2.438
-1.208
1.297
1.194
-1.290
-1.957
-1.026
-0.307
-1.968
1.451
-0.513
-0.056
-0.644
-1.106
0.075
-2.182
-1.069
1.436
2.000
-0.255
-2.838
-1.225
-2.856
0.907
1.692
1.998
0.876
3.290
0.896
-0.381
0.695
0.432
-1.649
0.499
2.301
-0.620
3.022
0.203
0.257
1.466
1.898
2.176
0.378
-1.507
-0.580
0.525
-6.097
1.379
-0.999
0.926
-2.150
1.118
-0.040
-2.420
-1.425
-4.211
3.452
2.167
-6.268
2.078
-0.123
-0.942
0.578
-0.580
-1.759
0.776
0.173
2.786
2.903
1.794
-2.290
3.275
-0.368
-0.799
-0.857
3.730
1.861
0.073
2.605
0.799
3.831
1.558
3.144
-1.221
0.086
1.472
2.477
1.759
-0.829
-0.576
-1.574
2.248
1.216
-3.734
0.952
-5.529
0.531
1.464
-0.774
2.171
3.290
-0.089
1.476
1.089
-1.693
-1.122
-0.300
0.733
-0.336
-1.348
-0.369
-4.896
-0.641
0.125
6.991
1.300
3.209
-1.677
-0.747
0.269
-2.686
2.337
6.477
0.486
-2.461
-1.232
-1.165
0.468
0.335
-3.238
5.144
0.126
1.409
2.079
-0.504
1.004
1.337
-3.993
-1.278
-2.589
3.678
-3.262
2.208
-0.418
-1.206
-3.129
1.800
-0.464
0.429
-1.888
-2.184
-3.086
-1.795
-2.768
-1.887
-2.630
0.260
1.756
-1.739
-2.685
0.154
-0.876
-4.235
1.313
0.606
-0.035
1.046
-0.730
-0.828
-0.175
-1.174
-3.752
1.596
1.332
3.567
-1.274
-2.316
1.758
0.925
-2.986
0.589
-2.573
0.109
-0.905
1.517
0.563
-1.366
0.127
4.634
-3.602
-1.539
-4.360
-4.438
1.650
0.201
1.424
0.955
-1.077
-0.260
-0.901
-0.219
0.031
-0.411
-0.727
3.800
4.928
0.356
-3.515
-0.269
-0.896
-1.073
-1.873
-3.333
0.000
1.249
0.216
-1.593
-1.129
2.359
-3.104
1.210
0.551
-1.186
0.905
-2.204
1.667
-0.623
-1.843
1.159
-1.131
3.487
-2.920
5.448
-0.199
-0.210
-0.308
-2.457
-5.027
0.251
0.628
0.130
2.878
0.540
-1.190
-1.586
-2.210
-1.188
-2.596
-1.328
2.893
0.685
1.858
-2.019
0.080
1.806
-2.411
1.020
0.323
1.168
-1.952
-0.409
1.661
-2.518
-1.216
-1.091
-1.669
0.718
-0.423
-3.392
1.757
-0.765
-0.318
0.164
-3.478
-2.627
-3.105
-0.319
-1.986
-1.119
0.298
2.927
-2.180
-0.500
-1.838
0.482
-5.251
3.366
1.518
0.440
-2.984
-0.984
1.713
4.244
1.075
-0.580
-1.431
-2.791
-1.711
3.267
0.703
3.257
0.691
-0.092
-0.310
0.458
-3.141
-3.236
-2.381
6.481
-3.507
1.126
-3.648
0.316
0.637
1.663
0.283
-2.877
4.191
-1.932
-5.803
1.376
0.810
-0.009
-4.657
-0.582
-3.165
1.136
-0.944
-3.234
1.973
-6.548
0.341
0.212
-1.230
-0.726
-0.348
0.238
-3.609
2.218
-1.582
4.688
-0.950
-0.793
-3.264
1.732
-0.207
1.269
3.469
5.865
0.059
-1.777
1.675
-0.164
-1.081
-1.802
-3.176
1.814
-1.835
-2.600
-1.435
3.196
1.865
0.377
0.950
3.413
0.822
-1.238
-1.259
-0.436
0.332
-0.601
1.464
-1.763
-0.989
-3.324
1.411
-1.333
-0.345
-1.492
1.556
-2.215
0.426
-3.962
0.655
0.299
-4.252
2.462
-1.466
-2.166
1.635
0.747
0.645
-3.635
-1.148
-0.459
0.601
-2.593
-2.169
-2.034
-2.114
0.747
-2.828
3.085
-2.013
1.931
2.100
-0.581
2.107
-1.055
-3.427
4.269
0.515
-0.489
-3.463
-2.699
-1.195
-0.966
0.030
-1.815
-3.112
-3.207
-0.266
-4.064
-1.803
4.960
2.577
-1.301
-0.949
-0.155
-1.598
-0.594
1.401
0.856
1.425
-3.280
-2.880
0.152
0.982
-1.480
-0.861
-3.944
1.669
0.219
0.283
-2.920
-5.770
1.840
-1.041
2.052
-1.819
4.027
-1.164
2.581
0.722
0.624
2.041
0.576
1.017
1.810
-1.607
-0.241
-2.926
1.066
-0.649
-2.449
0.246
-2.110
-0.113
2.828
-2.677
3.361
6.799
-0.969
-3.790
1.199
-0.493
-3.325
-1.831
-1.313
-2.315
-3.679
-2.371
-0.157
-3.573
6.557
2.281
-0.322
2.248
1.938
0.458
-4.863
0.796
-1.902
1.780
1.009
0.568
-1.315
2.043
-1.625
0.711
-1.823
0.353
-0.731
-1.652
-3.328
-0.329
-0.660
-0.488
0.258
-0.723
4.088
-1.043
-0.683
-0.349
0.395
-2.085
-0.719
1.559
-0.924
3.922
-0.803
2.862
-2.230
-6.212
1.408
1.293
2.495
-0.672
-1.541
0.537
1.258
-0.649
-0.858
3.388
-2.652
-0.045
0.286
-0.067
1.091
1.037
1.118
0.590
-2.119
0.423
1.144
-0.405
-0.933
1.200
2.006
-0.287
2.388
-1.995
-1.053
1.251
0.690
0.683
-3.088
0.276
-0.156
-0.865
1.579
-1.930
-0.759
-1.376
1.287
-0.533
2.222
-2.684
1.520
2.623
-0.913
-0.402
-4.045
0.213
-4.753
-0.916
1.301
-1.866
-1.238
-0.117
2.567
1.176
-2.047
1.813
-0.030
2.089
0.134
-2.074
-1.812
-0.643
0.897
-2.991
2.970
-0.328
2.225
-1.473
2.980
0.608
-4.108
3.169
0.583
-0.507
3.584
-0.200
-0.453
0.717
3.197
2.065
-2.304
-4.540
-2.479
-3.081
0.951
3.242
2.166
-1.028
-3.944
1.256
0.391
-0.886
0.751
1.277
0.611
-0.674
-1.945
-0.928
-0.829
-0.699
1.887
-0.677
-0.564
-2.958
-1.214
0.138
0.553
-0.006
0.405
-0.054
-0.906
1.963
0.128
0.531
2.238
1.167
-3.665
-1.093
0.262
-0.852
2.750
-2.814
0.093
2.858
-0.384
-1.386
0.846
2.452
-1.531
-5.104
-3.894
0.588
1.787
-2.963
-3.417
-0.449
0.093
-2.264
-1.613
0.656
-2.205
-0.388
0.834
0.152
0.078
-1.534
-0.223
-2.623
-1.402
3.065
0.057
1.767
-3.000
-2.923
-1.947
-1.774
0.758
1.075
-1.723
1.063
-2.210
0.487
5.357
0.720
-4.160
-1.032
-3.014
-3.173
0.352
1.417
-4.469
2.365
-1.722
4.287
3.058
1.127
-0.483
-1.360
-1.316
-0.508
-0.781
-2.462
-0.526
-0.467
-1.958
-1.646
-2.056
1.206
2.920
-1.751
2.134
-1.856
2.239
-1.565
-0.322
0.764
-0.562
0.126
-1.019
0.515
1.724
-1.428
3.317
0.905
-2.470
2.046
-2.848
0.554
-0.735
-2.174
0.926
-1.628
0.664
5.689
-0.150
-0.341
0.083
0.831
-1.594
1.372
-2.857
-2.816
-1.368
-2.471
1.309
1.263
-0.311
-1.891
1.070
-4.234
-3.165
-1.271
1.087
1.360
-2.168
-3.065
-1.744
1.343
-1.813
5.252
0.157
0.905
1.726
-2.095
2.337
-0.228
-3.791
2.685
-0.027
0.631
-4.236
-0.090
0.960
1.298
-1.758
0.303
-1.317
0.532
-2.767
1.863
-0.610
-0.613
3.828
-2.033
-2.695
-0.350
-0.140
-3.016
0.486
-2.734
-1.233
0.787
-0.740
3.349
2.390
-1.103
-0.958
-1.002
0.407
-0.376
-1.108
1.388
-0.809
0.956
0.994
1.681
1.163
-1.888
-0.095
-2.019
0.815
-0.107
1.659
-0.523
2.088
2.178
-0.785
0.489
1.744
0.913
3.363
0.198
-1.451
5.543
-1.234
-2.391
1.031
-3.418
-0.116
0.938
1.482
0.095
-2.229
-1.493
1.739
2.916
-1.753
-3.022
2.961
-0.072
-1.767
5.315
-0.158
0.550
1.132
-4.370
-4.061
-0.866
0.179
1.219
1.225
-0.080
1.038
0.014
-5.397
-0.634
-1.912
0.142
-0.067
1.362
-0.722
2.382
-0.579
-0.680
1.226
0.197
-0.003
-0.391
-0.266
-3.174
-1.255
-1.064
-3.553
0.759
-0.183
0.873
-0.712
-0.984
-0.558
-1.274
0.708
-1.258
0.829
-3.423
-1.362
-1.359
-2.462
0.907
1.415
0.076
-0.593
0.903
-1.483
-2.566
3.006
1.711
0.036
0.695
-1.116
-1.082
1.395
1.199
-1.705
1.601
-0.144
1.573
-3.315
0.457
3.888
1.034
-2.748
-0.455
2.353
-0.790
-4.321
-3.260
-1.451
-0.728
-1.320
1.745
-1.003
0.233
-0.948
2.771
1.558
-2.289
-2.683
-0.000
-2.476
1.704
-0.430
-4.063
0.316
2.825
-1.482
0.353
-0.686
-1.839
2.879
-1.075
-0.418
-0.084
-1.667
-2.888
-3.807
1.119
1.044
-2.826
2.075
-0.754
-2.693
4.538
1.351
-1.249
-4.180
-0.817
1.201
2.262
-4.904
-0.940
-1.622
5.170
-1.146
-0.634
2.592
3.566
-0.363
0.094
0.424
0.654
1.155
2.420
0.649
0.910
-0.180
2.852
-1.365
-1.708
-2.271
0.705
-0.353
2.103
7.838
-0.964
-0.404
0.654
-1.508
0.374
0.738
0.881
5.059
4.596
-1.282
-1.471
0.020
-0.892
-0.217
-3.552
0.181
0.180
1.238
-0.801
4.996
0.379
-2.524
-0.462
-0.290
1.135
1.582
-1.895
3.615
1.690
4.410
0.620
-1.656
-3.143
-1.629
0.040
-1.187
2.208
1.136
0.535
0.124
-1.226
2.046
0.635
-2.280
-4.662
-1.769
1.793
-3.065
-2.257
2.958
-1.169
2.703
1.701
-4.498
-1.312
-2.364
1.334
0.711
0.642
-0.766
0.591
0.613
-2.767
0.200
0.299
0.363
2.607
-5.916
1.332
0.186
1.044
2.895
-1.275
0.315
-1.028
0.565
-1.657
-2.821
-1.299
-0.230
0.008
1.359
-1.141
-1.031
-1.762
-2.223
-2.991
-2.736
-0.148
4.043
0.860
-4.653
1.470
-0.390
1.416
-0.774
-2.451
1.776
-0.299
-1.999
-0.408
0.203
-2.701
-3.540
0.795
0.406
2.220
0.520
0.187
2.580
-0.741
1.718
1.251
2.588
-1.190
-0.917
1.532
-0.313
0.099
1.487
2.317
-2.352
0.161
0.484
3.893
-1.019
-0.754
-3.009
-1.260
3.070
-0.494
0.443
2.390
-0.569
0.637
-2.883
-2.159
1.069
-0.391
-2.230
-1.227
-1.157
1.270
-0.339
-2.332
-0.381
-0.554
-0.445
0.420
1.778
-1.995
-0.809
-0.892
1.355
0.214
-3.664
0.665
-2.857
0.217
-2.805
-2.975
3.813
-0.133
0.293
-1.952
-0.650
1.684
-0.707
0.266
1.777
2.047
-0.412
-3.256
0.831
2.332
-1.878
0.519
3.593
1.234
3.088
-1.984
-3.859
-1.889
-5.895
-2.942
-1.225
1.675
0.064
0.218
-2.495
2.515
-1.803
-1.030
3.746
0.764
-1.234
0.055
-2.401
3.277
0.685
0.667
0.056
-0.027
-0.074
-2.604
-0.676
4.656
1.560
-0.025
0.799
-0.799
-2.950
-2.535
-0.575
1.709
-0.398
1.800
2.690
0.520
-3.160
2.990
0.395
2.988
-1.877
0.956
-2.041
-0.674
1.050
1.883
-1.993
2.489
3.986
-0.208
0.760
-1.268
-1.696
2.821
-2.693
-0.430
-2.081
1.910
0.701
-1.751
0.721
2.080
1.685
-0.052
-1.033
-1.563
-0.687
-3.388
0.107
-0.526
0.560
-1.677
0.551
-2.129
-2.443
-1.207
-0.846
-4.909
-1.097
-0.796
-3.665
-0.810
1.237
-1.626
-2.023
-4.518
-0.769
-2.365
1.163
-1.075
3.068
-1.446
-4.020
-1.116
0.093
-1.332
2.521
0.191
1.773
0.424
1.651
2.756
0.472
6.283
0.955
0.150
2.927
1.321
-1.506
1.465
3.155
-0.392
-0.074
1.183
-1.244
-0.811
-1.218
0.717
-0.667
1.518
0.662
-2.973
1.291
-0.609
-2.101
-0.319
2.732
-0.920
-1.886
2.648
1.272
-4.063
1.357
1.054
-1.532
0.647
-4.024
-0.940
-2.492
5.921
-1.381
-3.801
6.421
-1.936
1.030
1.010
-0.547
0.710
-2.122
2.869
-2.012
-2.323
1.188
-3.149
-1.665
2.618
1.052
-0.428
-1.402
0.550
0.978
-1.935
6.570
-2.671
-0.924
-0.162
-2.238
0.162
-0.456
-1.805
-0.210
0.874
1.009
-0.702
0.426
-2.071
-2.143
-1.847
0.355
3.910
2.023
-2.144
-0.965
-2.424
-5.204
0.769
2.485
0.374
0.169
-1.221
-3.213
2.252
0.256
-1.393
-3.271
0.251
5.068
4.790
-5.572
-3.019
2.502
-0.486
2.353
0.941
3.810
0.389
1.423
-2.622
3.036
-1.988
1.033
-2.539
-0.817
1.707
-2.717
-4.911
-0.263
-1.013
0.017
-1.264
-0.870
-1.331
-1.660
-0.750
1.171
-1.057
-0.298
-1.776
-3.441
1.131
0.361
-4.139
2.281
0.156
-3.116
4.650
0.474
-0.819
2.556
-1.742
-2.179
-0.831
-0.672
0.510
1.142
-2.346
5.912
3.292
0.408
1.479
1.149
-4.093
2.179
0.268
5.281
0.015
-1.311
-0.615
6.591
1.011
-0.239
3.453
-1.242
1.536
2.722
0.767
-0.763
-0.070
0.780
-0.816
-1.577
-1.975
-1.895
-0.139
-0.448
-0.246
-3.153
-0.788
-0.249
-2.854
2.147
3.039
2.417
2.275
3.202
0.615
-0.030
1.749
1.742
3.302
-0.602
-1.428
1.468
5.384
3.198
0.382
0.960
-3.117
-1.903
-0.432
-0.124
-0.445
-0.949
-2.942
2.345
2.046
-1.226
0.590
-1.919
-1.690
1.480
-2.001
-3.677
-1.787
1.550
-2.126
1.568
3.075
2.259
-0.801
-0.294
2.290
0.473
-2.135
6.239
1.894
-1.721
3.631
-2.292
1.312
0.843
-3.347
-4.172
-1.092
1.849
0.920
-0.028
-0.999
2.325
-0.818
-3.331
0.195
-1.000
0.614
-0.609
3.093
-1.148
2.726
-2.424
-0.478
1.180
2.793
-2.275
5.162
-4.654
-5.965
0.726
1.737
-0.722
-4.832
-0.294
-1.846
4.296
2.230
-0.604
-4.946
-0.188
-1.891
-1.525
-0.273
-1.243
-1.036
-2.036
-1.498
3.395
-4.786
-0.785
-4.827
-0.579
1.599
1.279
-1.541
-2.437
0.648
-1.857
0.208
0.759
-1.588
0.790
3.249
1.470
-1.617
-1.065
3.119
0.931
0.326
2.944
2.129
-5.187
0.186
-1.389
1.955
0.258
-0.725
2.313
0.478
-0.529
4.983
-0.132
1.590
1.039
-2.908
0.924
-0.798
-3.932
-3.552
-1.262
2.033
-2.684
-1.104
-1.658
0.021
-2.395
-0.767
0.397
-0.908
0.458
-1.984
0.610
-1.244
0.587
-0.578
-2.280
2.421
-1.758
1.984
0.027
0.982
-1.297
0.020
-0.128
-0.464
-0.595
-1.031
-0.982
-2.967
-3.125
-0.845
0.267
-1.117
-4.204
-2.408
-0.693
4.604
3.773
-2.062
-1.494
2.646
-0.830
-1.226
1.537
6.680
0.686
-1.344
0.929
-1.476
-1.207
0.913
-0.074
-3.956
0.575
-0.116
0.732
0.137
-4.546
-3.375
3.167
2.437
-3.973
-0.257
-2.691
1.404
-1.250
1.185
-1.616
-0.181
0.546
2.351
-0.241
-1.972
1.509
-2.254
-2.525
0.521
-1.503
-1.527
-0.967
0.257
-0.887
-1.586
0.109
-2.474
-1.504
-2.119
1.814
-2.295
5.035
0.405
-2.192
-1.290
0.650
-1.907
-1.593
1.193
-1.029
-3.725
-1.712
1.193
-1.511
0.599
-0.292
-0.508
1.437
-3.450
-3.088
-5.996
2.890
-2.783
0.156
-1.169
0.550
-2.339
0.388
-1.851
-0.358
0.902
-4.839
-1.951
-1.595
3.187
0.935
1.473
1.413
3.125
-0.721
-1.235
-0.926
-2.855
-1.526
-0.314
-2.448
1.068
1.534
-1.551
-2.622
-0.536
-0.986
-1.966
-1.145
0.895
2.913
0.561
2.371
0.555
-0.519
0.588
0.908
-2.030
-1.798
0.420
1.038
-2.746
0.160
-0.994
1.066
4.270
-1.372
-5.819
0.638
-0.181
0.355
-2.068
-1.619
-3.389
0.125
3.582
-0.164
-1.942
-0.427
1.730
-0.778
2.206
3.312
1.233
3.595
-0.766
3.867
0.825
-0.528
-0.669
-1.408
2.063
-0.351
4.209
-2.829
1.610
-0.523
-4.339
2.711
-0.649
2.375
-3.917
-0.117
-0.235
-0.811
-5.777
2.583
-4.767
2.501
-0.052
-1.140
-0.910
-1.790
-1.982
-1.206
-0.929
0.642
4.915
-1.664
-2.136
-1.966
-0.779
-0.254
-0.286
-1.866
0.335
-2.188
-0.109
2.387
-3.986
-1.262
0.693
-5.865
-0.480
0.480
1.766
1.128
1.442
-1.871
-1.621
1.262
-0.266
-3.936
-0.567
-0.924
3.096
0.297
-2.030
-0.637
-3.400
2.565
-0.301
1.061
1.600
2.902
-4.116
-0.800
0.071
-1.745
1.177
0.665
2.413
-1.382
-2.005
-0.564
-1.987
1.351
1.432
-2.895
0.207
-1.323
-1.945
-0.943
-1.882
2.112
0.407
0.583
0.409
-3.460
-1.911
2.446
-1.483
0.187
0.354
1.259
1.768
-0.519
-2.469
-2.554
-3.076
0.264
-3.251
1.054
0.324
-3.623
3.670
-0.004
-1.640
2.049
-0.993
-0.520
0.116
-1.675
0.080
-3.518
-1.783
1.067
-1.075
-3.042
-2.082
1.038
-1.814
-1.478
0.881
2.203
-2.670
1.157
0.219
-1.510
1.361
-2.607
-2.149
-1.275
0.145
-2.727
-1.040
-1.814
3.296
3.374
1.902
-1.453
1.506
0.916
-0.317
1.001
-1.247
3.680
-0.078
0.055
0.704
-2.637
0.419
1.920
-1.127
0.953
1.793
-0.511
-2.400
-2.856
-1.482
-0.513
1.603
1.162
0.345
-0.945
-0.192
-2.843
1.212
0.466
0.423
0.402
2.351
-3.256
-0.506
0.367
2.520
-1.741
-0.553
-0.477
2.176
-2.621
-0.593
1.153
-0.223
-1.343
-0.414
-1.625
0.702
3.065
2.042
-5.598
0.806
-2.484
-1.153
-2.507
2.342
0.108
-3.708
-0.398
1.281
3.749
-1.963
-0.466
-1.443
-2.269
5.044
3.701
-0.793
-0.643
-0.592
-3.655
1.242
-2.584
0.487
2.061
0.699
-1.720
-0.665
2.787
-1.112
-3.532
-0.621
-2.688
-0.206
2.653
0.769
-4.157
0.285
4.278
-2.616
3.487
4.112
-2.730
0.259
-1.007
3.700
-3.052
1.073
-2.288
-1.246
-0.527
0.582
2.167
-1.721
3.526
-1.558
1.090
3.166
3.045
1.982
-1.873
-2.526
2.507
-0.709
-1.174
0.334
-6.518
-1.998
-0.472
0.957
0.749
1.052
-2.316
-0.443
-0.991
-0.120
0.758
2.545
-2.335
2.387
-2.574
-2.505
-5.649
0.612
-0.112
1.477
0.809
-0.553
-3.958
1.906
-2.489
1.561
0.995
-2.730
2.908
-1.207
-2.250
0.809
-4.241
-2.477
2.013
2.217
0.532
-0.735
2.533
1.616
4.489
-1.280
3.044
0.978
2.817
-0.473
-2.058
0.998
0.170
-1.494
1.044
-0.888
-4.639
-2.207
-1.307
-2.325
-2.414
-0.812
0.015
-2.400
-0.607
1.263
-0.118
-0.993
2.960
2.092
-0.310
-2.206
-2.792
-0.634
0.202
-0.074
-2.919
0.780
-1.183
0.951
-1.801
-2.595
-2.445
3.623
-3.676
0.723
-0.011
-1.980
-0.804
-1.740
-0.286
3.948
2.433
2.366
0.454
0.834
-0.970
-1.221
2.026
0.609
-2.340
0.313
3.009
-2.890
2.468
-0.519
2.475
0.313
-0.130
-0.745
0.830
-0.585
-0.258
-1.161
0.699
2.504
2.881
-0.694
-0.243
2.509
1.193
-0.539
-3.783
2.780
-6.001
0.377
-1.018
0.319
0.212
-0.640
-0.869
-1.195
-0.431
0.645
1.631
4.339
0.700
3.149
1.051
1.441
-4.657
0.881
-0.637
-2.048
0.029
1.752
3.117
-2.539
0.965
0.674
2.308
1.491
2.374
-1.224
-0.168
0.544
5.152
-1.204
-0.110
-1.353
2.547
-0.690
-0.763
1.743
1.134
1.718
0.293
0.608
0.622
1.316
-2.448
0.729
0.669
-1.127
1.335
-2.681
-2.472
0.329
-1.119
0.871
-1.052
-1.869
1.008
-1.514
0.446
-1.652
-0.162
1.981
-3.806
-1.010
-1.366
-0.226
1.498
-2.296
0.438
1.112
-1.882
-0.292
-2.007
2.119
1.083
-4.718
1.101
0.120
1.809
1.125
-0.188
-0.642
3.323
-2.068
0.269
-2.195
1.759
-1.040
2.967
-1.264
0.531
4.669
0.353
-0.105
-3.215
-2.090
1.991
0.191
3.069
0.939
2.312
2.216
0.134
0.643
1.618
0.359
-1.913
-1.214
-2.148
0.126
1.608
-0.931
0.333
3.351
0.101
-2.078
-0.093
1.003
3.047
-0.548
0.073
0.104
-2.748
-1.910
-0.609
-0.811
-1.442
0.453
1.638
-3.237
2.133
0.493
1.188
1.986
-2.821
1.482
-0.316
2.273
-1.134
1.707
-1.772
-0.593
4.806
-1.725
-2.082
1.825
0.082
-1.287
0.596
0.023
-0.672
-1.859
-0.093
-0.660
-2.385
-0.726
0.150
-1.325
-4.315
3.946
0.539
1.910
-2.166
-0.901
-0.755
-0.233
-0.647
0.119
-0.137
-2.650
-1.753
0.388
2.769
2.887
2.822
-1.909
-1.293
1.045
0.795
3.019
-0.796
0.314
0.732
-2.146
-5.338
4.107
-0.183
1.898
-1.272
-4.509
-3.314
1.549
3.103
-3.981
-2.623
-1.168
3.325
0.089
-2.281
-1.838
-2.416
-0.364
0.670
0.046
-1.619
-0.375
2.944
2.361
-2.713
1.121
3.290
1.033
-0.013
0.861
-1.565
0.248
-0.331
-0.815
-3.672
-0.608
1.604
-1.557
1.191
-0.623
-1.827
-0.035
0.881
-4.829
-1.192
-1.417
1.115
-1.723
-1.640
-1.603
0.699
-1.265
-1.177
-0.812
-0.493
-5.161
-0.615
0.577
1.550
-1.965
4.695
0.646
-1.041
-0.837
-2.684
0.316
2.100
-3.527
1.006
-0.700
3.088
-3.935
-0.216
-0.124
-3.133
0.436
-1.967
1.444
-1.139
-0.801
-3.059
2.025
-2.073
-3.625
0.599
-0.709
-1.273
-0.840
-1.862
-1.356
2.814
2.026
3.739
-0.343
-1.594
3.418
1.866
1.074
3.129
-2.112
0.608
1.490
1.412
-6.573
-2.727
-0.642
2.020
-0.208
-3.994
-1.219
0.730
-1.007
0.996
1.753
0.159
0.210
1.722
-0.586
-2.521
-0.658
0.588
0.646
-3.058
-2.946
2.584
0.503
-1.591
0.798
-4.998
0.142
1.582
-1.290
-2.625
1.870
-1.916
-1.761
0.855
-1.149
0.755
1.919
-2.146
1.198
1.080
0.746
4.261
0.313
-0.970
-3.417
-0.718
-0.434
0.616
1.259
2.227
-1.648
-4.205
-2.126
-4.015
2.967
3.252
0.208
-5.335
-0.511
-1.677
-0.335
-2.231
1.654
2.088
0.928
-1.358
-3.434
-0.848
-0.157
-2.153
2.605
0.965
-3.107
-6.536
-1.437
-1.408
1.794
-0.902
-4.557
-1.828
1.917
0.020
0.263
-0.551
-1.027
-2.964
0.477
-1.325
0.458
0.313
5.243
1.270
0.806
-3.043
-1.158
0.755
-3.327
-0.589
-0.068
0.735
-1.074
-2.423
-1.629
-0.748
-0.551
4.199
-3.675
-2.993
-0.283
0.318
-1.846
-1.581
5.106
5.313
-1.992
-1.088
-0.020
-0.655
-0.912
0.048
-2.400
-3.382
-0.902
-0.754
2.333
2.040
1.887
0.852
-1.601
1.872
0.409
-0.540
-0.395
-1.334
0.617
-1.570
-2.552
0.890
1.237
-2.889
0.648
-1.828
-0.238
-1.328
1.397
0.303
-0.367
-0.477
3.193
-0.064
-1.435
-1.664
0.094
2.442
-3.293
-1.342
0.816
0.489
4.938
2.799
0.101
-1.742
0.326
-1.814
-1.169
-0.718
-0.559
-1.357
0.929
1.723
-0.804
-1.013
-0.366
-0.681
-1.271
-0.990
-2.048
-3.378
-4.724
3.218
1.654
-0.911
1.190
1.171
-1.919
1.552
-1.289
-1.837
-4.296
-1.332
0.595
0.070
5.053
0.837
-2.883
-0.755
-3.296
-2.083
-1.775
2.173
-0.468
-5.726
-1.487
0.136
-0.106
-2.386
-0.810
2.242
0.390
0.893
2.630
-0.776
-1.293
2.223
0.428
3.091
0.209
1.842
-1.849
-2.429
-1.625
-2.198
-5.877
-1.385
-0.363
-1.016
-2.687
2.302
1.237
-2.766
0.944
1.051
-2.185
-4.860
2.991
-0.494
-3.632
-1.350
0.316
0.251
-0.418
-1.757
-1.137
-3.298
0.498
2.845
-0.991
-4.835
-0.582
-0.892
-0.443
-0.063
-2.521
1.347
-1.742
-5.624
-0.200
-1.328
1.227
-1.539
0.664
-0.904
2.137
-0.637
-0.573
0.481
0.675
-1.736
0.408
0.628
-0.588
-2.834
-3.559
-1.862
-1.366
-2.661
6.170
1.338
1.403
0.475
-1.019
-3.221
-2.328
1.550
4.478
-1.483
-1.504
2.425
-0.005
1.199
-1.434
-0.445
2.009
-1.011
-2.932
3.144
-0.289
-2.621
-2.522
1.393
-1.428
-0.402
-0.788
0.102
2.904
-0.289
-0.193
-0.716
-0.173
0.823
-0.639
-1.070
-2.289
0.986
-0.623
-1.555
-2.146
-0.345
5.039
-3.851
-1.619
-2.722
-2.288
-1.429
-3.663
-1.504
1.914
-0.451
0.721
5.072
1.291
0.585
0.427
-4.580
-2.458
-2.509
-0.853
-0.625
2.842
1.840
1.263
0.433
-1.372
-1.507
0.476
0.679
0.619
-4.193
-1.144
-4.580
2.272
-3.448
0.044
-3.042
-2.800
2.158
-3.413
-0.356
0.478
0.510
1.950
-0.054
-0.030
-2.781
0.134
1.476
-3.378
0.430
0.087
-3.013
-1.937
0.555
-1.177
-1.140
-1.990
2.015
-2.972
1.305
0.063
2.779
1.139
1.681
-1.134
0.174
1.259
1.345
-3.512
2.905
-0.956
3.280
0.017
2.632
-0.176
-2.800
-4.218
0.757
-0.899
-3.068
1.884
-2.919
1.243
1.340
2.008
1.763
-0.465
1.462
-1.143
1.222
0.516
-1.149
-1.332
-1.437
0.396
-3.176
-1.630
3.028
0.182
-0.247
-2.148
0.747
1.952
-3.749
-2.286
3.885
-0.825
-1.386
-0.834
0.515
1.091
-2.794
-0.866
-1.628
-0.326
-1.650
1.093
1.275
0.886
-0.167
-1.306
0.201
1.342
4.789
1.890
-2.644
-0.378
0.693
-1.392
0.226
-1.490
-1.673
2.068
-0.532
-1.907
2.410
1.300
2.261
0.045
5.473
-1.236
0.368
2.132
2.012
-0.953
-2.934
-1.158
0.679
3.149
0.290
0.113
-2.880
1.380
0.990
-2.231
2.652
1.998
-1.471
1.089
-4.293
1.160
-2.347
-0.451
-0.254
0.510
-1.450
-0.086
0.316
-0.722
-0.741
-3.329
3.163
1.795
2.034
-2.916
-2.279
-0.842
-0.511
-0.356
-2.407
-1.615
1.430
-0.125
-3.418
-0.362
0.128
-2.722
-1.060
-0.634
2.759
1.998
-2.040
-2.148
-0.110
2.606
-2.266
-1.567
1.565
1.674
1.440
0.592
3.292
-2.499
2.154
-0.387
-0.827
-1.324
0.084
-4.897
0.247
1.468
0.157
1.219
-0.493
2.514
0.586
0.690
2.200
-0.556
4.264
-2.371
-4.732
1.842
-0.119
-2.333
-1.593
0.382
2.348
-2.738
3.467
-2.413
-2.537
-0.189
0.961
1.910
0.743
-2.640
-1.830
-2.249
-0.849
3.146
2.861
-0.359
-0.532
0.153
-0.384
0.095
0.610
0.447
1.182
5.206
-0.249
0.787
-4.110
-5.080
0.437
-2.860
-1.978
0.122
1.151
-0.451
-0.079
2.310
0.262
-1.317
2.320
0.473
-0.511
0.947
3.707
-1.790
0.884
0.973
0.731
-0.518
-0.085
0.412
1.099
-1.252
1.815
-0.003
-1.453
0.067
0.048
0.998
0.355
0.149
-0.009
-3.748
-4.123
1.150
0.310
-2.097
-1.517
0.076
-1.252
-1.585
-1.744
-2.891
3.130
-2.179
-1.349
-3.361
1.158
-2.290
3.080
-2.306
1.655
2.327
0.176
-1.647
0.442
-0.609
-0.719
1.435
-2.433
0.937
-3.840
-0.124
0.600
1.219
2.176
-0.122
1.197
-0.878
1.348
-0.058
1.689
-1.543
-1.243
0.528
-0.410
-1.159
1.466
2.507
-0.718
0.910
-3.239
0.524
-0.342
-1.620
-2.485
-1.115
0.276
-0.613
2.711
-1.299
-4.457
-2.107
2.165
0.354
0.575
-1.045
-0.126
-2.116
1.076
-3.341
0.223
1.989
6.388
-0.291
3.291
0.758
-1.265
1.809
0.432
3.194
-0.633
-0.652
-1.015
-6.749
-3.339
1.604
-0.608
0.077
-2.099
0.091
0.680
0.127
-1.652
-3.183
1.492
-2.174
1.455
4.373
0.042
-0.024
-1.599
0.511
4.634
1.975
0.235
-2.150
1.518
-0.068
-1.324
3.423
-1.724
-2.843
-2.233
3.055
4.326
-1.787
1.111
0.889
2.054
-0.111
1.341
1.887
-2.955
-0.432
0.546
-4.265
-0.640
0.877
0.756
0.226
0.157
0.927
-1.198
0.770
0.135
-4.905
-1.311
0.487
1.822
0.498
-2.627
0.582
-0.340
1.626
-0.644
1.315
0.736
0.164
-2.753
-0.632
-1.386
-0.013
2.455
0.706
2.151
0.591
0.591
0.640
-4.377
1.997
-1.732
6.276
1.441
1.544
-5.652
-0.834
0.176
-0.964
2.089
-1.791
-1.977
-0.305
1.878
0.883
-0.121
0.114
1.200
-0.655
-2.758
3.915
0.083
0.573
1.034
-4.120
1.443
1.189
-0.445
2.197
-5.849
0.475
-2.415
-1.455
-1.234
-1.613
-0.112
-0.089
0.299
-1.260
-0.996
-0.463
1.676
-4.629
-0.635
-4.023
-2.810
-2.676
0.330
2.096
1.315
0.511
-2.627
-2.997
-0.584
2.590
1.016
3.511
0.927
-1.726
-1.139
-1.138
0.688
3.781
-0.083
-3.217
-1.527
0.535
-1.962
-3.064
-0.790
-1.002
0.855
2.376
-2.951
-0.864
2.653
1.848
1.977
1.272
-2.386
-0.717
1.382
0.711
4.858
-2.778
-0.927
2.319
-2.988
-0.074
-1.211
1.745
0.331
-3.443
2.281
-1.773
4.051
3.806
-0.909
-0.039
1.221
-0.540
2.575
-2.566
-0.645
0.146
-0.711
1.458
0.921
0.510
3.654
0.440
-5.698
1.578
3.496
-1.715
1.467
-0.698
1.202
-0.975
0.258
-0.521
1.438
2.942
-2.081
-3.765
-2.421
-1.999
0.416
-2.558
1.742
-0.517
1.425
-1.671
1.211
3.966
0.532
-0.130
0.947
0.950
0.792
-4.849
1.481
3.386
-2.054
-0.833
-0.727
-1.142
-0.615
-0.269
-1.547
0.076
-1.509
-0.525
1.378
2.451
-5.353
1.940
-4.979
-0.715
0.976
5.100
-2.908
-1.759
-2.733
0.865
-0.639
0.452
-1.162
-2.501
0.957
-3.891
0.076
1.545
1.218
1.169
1.468
-0.738
-0.170
2.282
-1.178
-3.922
1.368
1.317
0.842
1.473
-0.071
4.382
4.695
-2.716
-0.994
-0.650
1.026
-0.809
0.671
-1.226
-3.665
-1.576
0.333
-2.523
0.739
0.696
-1.438
3.164
-1.633
-0.473
1.995
0.051
-3.422
0.177
-2.435
0.585
-1.809
0.544
0.308
0.150
-0.680
-1.675
0.950
0.655
0.884
-0.800
0.849
0.310
1.900
-0.987
4.578
-1.133
0.015
2.383
-1.402
-0.227
-0.199
2.433
3.477
-3.077
0.995
2.839
0.446
3.673
-0.971
-4.165
0.639
-0.405
0.898
0.166
2.166
-3.409
-2.262
1.710
1.086
1.729
1.479
0.371
-0.999
-2.082
4.832
-1.997
-4.376
0.573
1.869
-0.098
-2.289
-1.092
0.510
0.518
-1.282
-0.101
-0.326
-1.826
-2.100
-0.640
2.416
2.113
-1.775
0.399
-0.965
-0.527
1.330
-3.162
0.130
-1.550
0.182
1.230
-2.675
-0.012
1.900
-1.040
-3.634
-0.090
0.848
0.359
-3.445
0.248
0.074
1.507
-0.002
2.808
1.461
-1.845
-2.386
-0.416
-3.001
-1.625
-1.858
-3.342
0.453
0.529
1.321
-1.303
-1.329
-0.925
1.275
-0.245
-2.715
-0.984
-0.329
1.796
0.179
0.630
-3.451
1.908
0.700
0.928
-2.956
-1.984
-2.145
0.084
-0.234
-0.739
-2.874
-2.630
-3.529
-1.898
-0.848
-4.422
3.097
-2.173
-0.441
0.389
-2.552
0.879
-0.862
-2.050
-0.107
0.476
-1.664
-1.647
1.094
-1.391
0.240
-0.684
-3.167
-2.844
-6.191
-0.040
-1.114
-1.959
-1.156
4.005
0.932
0.695
2.490
-0.254
0.938
-2.091
-1.735
0.412
0.136
1.835
-4.590
-3.184
-2.856
-0.980
0.539
1.358
-2.190
-1.594
-2.119
-2.128
-4.872
-2.977
0.513
2.616
2.306
-0.892
-2.332
1.711
-4.466
-0.169
-0.951
2.645
1.605
-2.911
0.093
-0.568
-3.347
-2.115
3.308
-0.648
-0.671
1.114
-0.281
-0.880
-0.696
2.532
-2.626
-2.857
2.360
-0.616
-3.143
0.681
-0.366
-0.132
-2.475
2.281
3.191
-1.250
4.681
2.126
-3.153
2.501
1.270
0.584
-1.430
0.065
1.666
-0.929
0.477
2.767
-1.299
-1.201
1.241
1.150
-4.203
-2.793
-0.659
0.945
0.449
0.382
-0.602
-0.383
-0.664
0.605
0.788
-3.043
0.851
4.313
4.248
2.089
-3.848
1.147
-1.927
-0.755
-2.894
5.516
-2.039
-1.075
-2.820
-3.461
-0.738
-0.904
-2.315
-1.213
-1.552
-1.771
-5.144
-0.021
1.156
0.195
-1.870
-2.262
-2.575
-3.413
-2.317
-0.532
-3.118
0.875
3.419
-3.023
-3.131
0.361
-1.437
4.354
2.678
-0.487
-3.706
1.083
-2.606
-4.581
-1.493
-1.808
-1.894
1.715
-1.055
1.662
0.478
-1.887
3.741
2.083
-0.346
1.521
2.926
0.038
0.757
-0.187
1.412
2.175
2.843
-0.380
-1.119
-1.417
-1.318
-1.901
-3.302
-1.919
-1.721
-1.671
-1.502
-4.476
-2.602
-0.665
0.023
-1.162
1.511
-0.600
-2.623
3.331
-3.542
0.132
-1.701
-2.419
-1.104
-1.621
-1.631
-3.245
-0.730
-4.063
-1.104
-1.281
-1.949
0.708
-1.483
-2.211
-2.805
-1.297
-1.892
0.720
4.927
2.199
-1.069
-2.259
3.316
1.419
2.661
4.409
-2.500
-1.916
1.153
-2.554
0.773
-1.136
-2.394
2.122
-2.708
0.673
0.639
0.496
-1.143
2.977
-3.849
1.527
-0.253
-2.964
0.739
1.464
0.691
2.497
-0.041
-3.608
2.710
1.726
-0.754
2.285
0.149
-1.579
2.185
-1.410
-1.616
-0.710
-0.772
-2.950
-4.610
-0.373
-4.336
-1.157
3.436
2.812
-1.514
-1.162
-1.404
-0.780
-1.231
0.758
-4.722
2.459
0.787
4.720
-0.237
0.433
-0.418
0.781
-3.471
-0.800
2.531
-2.079
-0.825
-1.506
1.247
1.865
1.892
0.067
1.299
3.166
0.028
1.777
-2.557
0.243
-2.562
0.387
-2.975
2.736
-2.201
0.958
-1.113
-2.938
0.746
-0.294
-3.597
2.968
-0.340
-0.530
-4.633
-0.862
2.751
0.765
-0.304
1.550
-0.674
-0.262
5.796
-3.752
-0.430
-3.855
-1.671
-2.373
0.372
-1.352
0.769
-2.593
-0.592
-4.258
-2.102
-0.706
-1.654
-2.088
0.125
-2.441
2.253
-2.830
-2.216
-2.288
-1.115
0.858
1.973
-0.208
-3.826
-0.895
-2.135
-0.775
2.107
-0.854
-4.436
-0.778
2.156
0.822
-3.818
-2.887
2.173
-0.615
-0.963
1.684
2.398
-3.648
-1.969
1.792
-2.845
-1.670
-1.455
0.697
0.903
0.538
-0.771
0.040
-5.458
-1.656
-0.192
-1.747
0.156
-1.135
1.002
0.941
0.704
-1.908
-0.535
-0.779
-1.740
-3.190
2.622
2.864
-0.896
-0.210
0.457
-1.095
0.257
-2.600
-1.027
-1.675
-1.679
0.906
2.991
-1.456
-1.091
-1.466
1.365
-0.087
-0.694
0.783
-1.836
0.314
1.291
-3.647
3.026
-1.600
-0.820
4.105
-0.217
0.127
2.269
-0.494
-1.896
-2.146
0.155
-0.630
-1.979
-0.569
2.433
-1.018
-1.183
1.339
0.418
-2.583
1.018
1.530
0.889
-2.879
1.249
1.121
-3.381
-2.886
-4.949
1.444
-3.077
3.723
-0.025
-3.332
-0.864
-0.827
-1.217
-0.129
2.566
3.465
1.710
-2.379
0.470
2.565
-0.015
0.370
-0.117
-2.037
2.687
-0.003
0.183
-1.534
-2.667
-2.923
-0.082
-1.221
-0.398
0.497
-2.957
-0.583
0.502
0.357
-2.849
-0.192
-1.478
-0.658
1.481
0.359
-1.890
1.582
-1.399
-3.119
1.257
1.875
2.253
-0.667
0.327
1.795
0.193
0.447
1.543
-1.144
-0.801
2.322
-0.030
0.689
5.393
0.691
-0.087
-1.422
-1.384
-0.468
1.902
1.237
-1.354
-0.785
0.838
3.431
-3.151
-0.396
-1.096
-2.122
-1.482
0.383
1.159
2.036
1.772
0.524
-0.671
-1.582
0.662
2.325
-0.504
-4.451
1.212
-1.318
-5.231
2.965
-0.279
-5.063
0.075
0.192
-0.077
-1.470
-0.851
-1.133
4.258
1.188
0.496
-2.750
-2.975
-0.863
-3.813
-1.210
5.424
-0.610
0.439
-0.650
-0.769
0.243
-2.101
-2.407
1.451
2.516
-0.795
-1.492
-4.629
-1.555
-1.369
-0.029
-3.240
0.005
-0.522
-1.195
-2.058
-4.722
0.632
0.070
-3.408
4.173
-4.033
-1.032
0.152
-0.752
-0.441
-2.040
0.740
0.069
-1.091
3.596
-0.473
1.768
1.385
-0.548
2.795
-0.603
1.400
0.858
1.123
-1.424
-1.194
2.077
1.608
-0.419
-0.625
-0.523
0.367
-1.068
-0.587
3.873
-1.131
-0.521
2.790
0.608
-1.852
-1.036
1.753
-0.894
0.254
-3.212
-3.099
0.530
-0.392
-0.001
-1.044
-2.377
0.314
-2.625
-0.266
0.083
1.261
-2.357
-0.258
1.052
-0.440
1.663
0.026
1.442
1.448
-1.748
-1.916
-1.031
-4.224
0.063
-0.312
-0.648
0.181
-1.089
1.494
-0.353
-1.672
0.206
2.564
3.073
-1.157
1.790
3.067
-0.107
2.760
3.255
0.765
0.038
-2.944
-0.848
-3.887
-0.852
3.026
-2.433
-2.634
-1.427
0.502
-5.320
-0.985
-1.826
-2.751
-1.586
0.557
1.627
-0.410
4.367
0.482
-4.890
-3.197
4.883
0.577
0.242
-0.634
3.528
2.702
-1.612
1.824
0.794
-0.110
0.804
4.115
0.211
-0.284
-0.981
-0.817
-1.995
2.612
2.340
1.933
-1.394
-2.527
-0.946
1.877
-2.541
-2.543
-0.638
2.993
-1.204
2.887
0.007
3.193
2.744
-4.283
1.327
-1.291
1.052
-1.265
0.869
2.393
-1.875
0.092
-1.353
2.102
0.676
1.650
1.665
5.507
-1.729
-2.350
-2.956
1.020
-1.948
0.867
3.358
1.403
-0.027
0.444
1.438
-2.199
1.562
2.233
-2.841
-0.518
-0.180
-0.337
-2.347
-1.294
-2.363
-3.474
-0.252
-1.409
-0.673
4.459
-1.586
0.368
-2.080
1.402
-2.893
0.306
1.851
-4.539
-2.903
-0.287
-4.910
3.874
-2.334
-0.571
-0.703
0.073
1.114
-2.551
-0.950
-2.287
0.715
-0.163
1.278
-1.771
-1.805
-0.804
-2.168
-2.626
-3.048
-3.321
-3.406
-0.439
-0.561
-1.367
3.202
-0.384
-0.341
-1.375
-2.774
-0.802
-1.844
0.124
1.855
0.671
0.076
2.828
0.911
0.549
-1.278
3.532
-1.163
-0.975
2.217
1.369
2.226
-1.561
1.866
-1.101
2.863
1.158
1.050
0.863
-0.099
-1.574
2.722
-0.320
-0.966
-0.512
-1.347
2.759
1.004
1.388
-2.153
2.357
1.518
0.912
0.967
-0.185
-0.174
0.376
-0.607
0.799
-3.814
-1.932
-2.695
-2.433
-2.292
1.970
-0.606
-2.155
-4.556
1.641
1.844
-4.300
-1.014
-0.135
-1.287
-0.014
1.265
2.089
-1.847
-1.551
-1.877
0.321
1.272
0.645
2.155
2.168
0.899
0.627
-1.119
-3.848
0.040
1.372
-0.530
1.784
-2.401
-1.312
2.574
1.210
-0.101
1.243
-2.801
-2.682
-0.109
-1.896
0.320
-1.815
2.145
0.697
-0.595
-0.118
-1.413
-2.885
-4.067
-1.875
-2.090
-1.260
0.026
-4.804
-1.212
-3.552
-2.948
0.443
-2.480
-1.460
3.510
-3.268
-0.849
-0.987
-0.891
1.210
-2.301
0.847
0.433
-0.987
1.519
1.051
-1.565
2.079
1.603
-3.045
-1.387
-2.645
0.887
-2.260
0.021
0.612
1.152
-0.205
0.510
-0.004
-2.711
-2.909
0.014
0.968
0.763
-1.855
0.929
2.111
-0.873
1.184
-1.051
-1.821
1.947
-1.056
-1.830
-0.216
-0.426
-0.701
3.827
0.119
-2.632
-0.830
2.602
0.880
0.801
0.749
-1.499
1.724
-3.432
0.050
1.960
-1.209
0.474
-1.180
-1.538
-1.897
1.700
4.352
0.850
0.281
-0.290
3.393
2.067
-0.498
-4.634
0.332
-0.992
0.943
-1.708
1.648
-3.900
-1.561
0.231
0.661
-0.374
3.302
0.204
-2.241
1.447
2.110
-0.440
1.619
-2.809
-3.419
-0.449
-1.587
-0.520
0.824
0.669
0.447
0.162
-0.163
-0.961
1.336
0.561
-1.134
1.074
-0.422
0.180
1.426
-4.412
-1.526
-0.393
-1.436
-2.594
-0.690
1.043
-0.319
4.317
-3.626
-1.338
-5.926
1.878
-0.336
1.479
1.605
-1.535
1.028
-0.989
-0.826
-2.308
-2.602
-0.724
-1.927
-0.236
0.795
0.957
1.154
-1.687
-2.860
1.580
-1.538
1.925
4.649
-1.400
-2.071
1.159
-2.213
2.825
-2.683
-1.616
-2.167
-2.104
1.511
-1.846
-0.548
-3.021
3.071
0.886
0.944
-3.594
-1.869
0.638
-1.562
2.100
-0.966
-0.131
-3.286
-0.239
-1.383
3.125
-1.313
-0.365
2.367
1.004
2.289
1.131
0.651
-0.690
-0.295
1.539
-2.569
1.482
4.792
1.655
3.112
-2.990
-2.514
0.941
2.983
-2.715
0.009
1.062
-0.729
-1.123
-2.318
0.622
-0.042
3.005
2.826
-6.157
3.714
-1.844
0.815
-0.542
1.410
0.091
0.651
-0.820
1.014
0.843
0.864
-1.075
1.465
2.884
-3.430
4.792
0.766
1.543
-1.143
-4.172
-1.776
4.047
-0.071
-0.208
-2.178
-2.962
0.528
1.863
-1.111
-1.067
0.402
0.115
-3.066
-2.399
-0.350
0.152
-3.101
-0.547
-0.162
0.944
0.498
-2.927
-0.470
-0.899
-0.741
-0.533
-0.897
-0.312
-0.444
1.092
-2.566
5.305
0.655
-0.104
2.829
2.177
1.480
-2.122
1.602
0.211
-0.369
0.260
-2.582
3.694
-0.305
0.992
1.833
-0.109
2.448
1.055
2.387
-1.331
-0.739
-4.599
-0.553
1.064
-0.897
-0.369
-1.442
2.912
-1.024
3.108
1.474
-0.420
3.495
-0.353
0.413
1.517
1.331
-0.949
0.372
6.437
0.030
-0.552
-0.849
-2.596
1.664
0.789
4.022
-1.200
0.469
-0.399
3.420
-1.999
0.579
-1.254
0.115
-0.620
-1.313
0.560
-2.225
3.030
0.889
0.539
0.508
-1.727
4.038
1.703
1.421
-0.327
2.090
-2.941
-1.070
0.322
-1.558
0.903
1.445
-2.011
-0.842
-3.058
1.106
-3.045
1.303
0.940
-0.977
-0.993
1.471
1.077
5.221
0.292
-0.713
0.542
-3.687
-4.147
2.037
-1.405
-1.866
1.344
-2.233
3.026
0.568
0.468
-2.822
-0.891
-5.341
-2.181
3.669
-0.649
-0.274
-0.906
1.220
-2.589
-0.595
1.895
-3.641
1.176
1.540
1.961
-3.403
1.912
-0.054
0.194
2.680
2.271
-1.235
-1.238
-2.570
0.789
-3.167
-0.479
-1.127
-1.915
0.093
-0.564
-0.971
2.948
2.914
0.240
0.772
-0.110
0.413
1.391
0.769
0.078
-0.573
2.679
-1.606
-0.394
3.084
1.493
-1.109
-0.968
-0.709
2.498
0.941
-2.547
-0.992
-0.645
-2.745
-0.591
-0.022
-0.973
-1.169
3.904
-2.630
2.053
-2.191
-1.224
-1.727
1.916
-0.190
-0.815
0.204
0.768
-0.803
-3.256
1.518
0.822
-1.929
1.215
-2.889
-2.847
2.091
3.225
0.945
0.562
-2.623
1.611
0.770
-1.564
-0.042
-0.250
-0.284
-1.587
-1.780
0.817
1.468
1.557
-0.202
0.166
0.014
2.422
3.807
1.489
-3.166
0.636
0.329
-1.454
1.232
2.460
1.971
2.643
-1.530
-3.897
-1.619
0.710
0.928
-3.712
1.970
0.028
0.184
0.709
2.873
0.259
-0.751
2.826
-2.353
0.219
-0.828
-1.250
1.765
-4.464
-0.662
-2.407
-1.654
2.044
-1.910
-1.280
-1.037
2.042
-2.482
0.996
-0.192
3.887
-0.886
-3.218
2.654
-3.095
2.000
1.125
0.798
-0.761
-0.140
-1.953
3.350
-2.522
0.398
0.438
1.854
-0.400
-0.229
-0.601
0.262
-0.190
-2.742
-2.771
2.101
-3.789
0.911
-3.914
-1.541
-1.187
1.267
-0.886
-0.767
1.048
-0.159
1.197
1.529
-1.111
0.939
1.847
3.282
-0.329
2.175
-1.408
-1.933
-1.185
3.684
0.032
-1.669
-0.934
-3.187
0.564
2.924
-1.360
-1.085
1.861
2.425
-3.168
-2.348
2.410
-2.824
-2.665
-2.645
-0.235
0.820
1.963
1.675
0.170
-0.261
0.149
-2.434
-2.213
3.328
2.818
-1.772
-1.153
2.128
-1.722
4.798
-0.757
-0.245
0.138
-1.042
3.449
-4.853
0.331
-1.205
-2.520
1.804
1.124
0.384
-0.362
-0.174
-1.700
1.061
-0.129
1.964
1.756
-0.928
0.822
-0.320
1.836
3.407
-0.371
-0.426
0.502
-0.992
4.528
0.077
0.629
-0.735
-0.904
6.186
-1.725
0.540
-1.671
-4.318
0.690
-1.269
-1.297
-2.886
-2.147
-0.816
1.658
1.907
0.081
0.262
-0.990
-0.024
1.645
-0.133
1.558
-1.599
3.983
-2.329
-1.743
0.106
2.049
2.226
-0.765
1.031
4.564
0.373
-3.435
1.625
-3.250
3.707
0.970
2.918
3.322
1.873
-0.007
-1.941
-3.635
-3.920
0.446
-1.451
1.065
-2.503
-1.076
-1.126
-0.708
-1.848
-3.948
1.237
-0.367
-2.576
2.623
-0.379
-0.525
-1.513
0.147
-0.547
0.636
-4.142
-1.454
1.571
2.306
0.995
1.025
0.032
-1.770
0.757
0.123
-2.716
-1.153
-0.136
1.254
-1.517
-0.325
-4.211
-1.818
1.142
-2.198
-3.781
-2.460
-1.557
2.873
0.576
-0.658
-0.718
-4.224
0.402
-1.799
-2.983
0.269
-0.367
-0.279
1.792
0.635
0.148
2.431
1.634
-1.015
2.748
2.653
0.468
0.646
-2.670
-0.619
-0.500
-0.279
-3.533
1.028
1.120
-0.850
1.398
-0.611
-0.423
-1.183
1.450
-0.788
2.630
-1.902
-3.449
-2.022
-1.961
2.020
0.101
3.910
2.288
1.017
-1.400
-1.738
-1.722
-2.736
-3.495
-2.324
-0.386
-1.903
-1.594
1.725
-1.933
-0.001
-0.197
-2.348
-2.210
-0.673
3.409
-2.730
-4.553
-2.512
2.557
1.669
-2.334
1.155
-1.138
0.491
0.591
-0.324
1.259
1.170
-0.882
-0.807
0.831
-0.406
-1.391
-1.989
-0.473
-0.560
-0.768
-1.864
1.729
-1.898
-4.274
1.034
3.307
-1.474
2.366
0.513
3.768
0.082
-0.990
2.796
1.148
-1.505
1.363
-1.477
-0.747
-2.927
2.540
-3.641
-0.678
-3.556
-2.840
0.812
-2.791
0.520
1.373
2.177
-0.040
-2.752
-4.491
-0.854
-2.105
-0.365
0.734
0.030
-1.908
-3.558
0.501
1.539
-2.560
1.974
0.130
-1.802
-2.184
-0.976
-1.946
3.714
-0.127
-0.352
-3.597
0.107
-0.244
4.047
-2.287
-0.830
-2.481
1.110
0.779
-2.595
-0.235
-0.991
-1.135
2.501
-1.561
-0.388
0.310
4.809
-1.140
-0.657
-0.589
-3.969
-0.962
1.952
0.637
-0.739
-0.870
2.927
1.683
-0.854
1.989
4.619
2.983
3.221
-3.746
0.442
0.069
-4.207
-0.657
-2.792
0.188
-1.451
0.232
-0.282
0.907
0.374
-0.008
-0.954
-1.749
1.737
0.408
-1.146
1.491
0.964
-1.557
0.262
-1.525
-0.622
-0.921
-0.550
-2.222
-3.715
-4.464
-3.371
-0.485
1.047
0.598
2.859
-0.066
-2.929
-3.107
2.019
-1.474
-1.230
-3.910
-0.240
-3.129
-1.024
-1.085
-0.631
1.149
1.395
0.400
4.081
-0.396
-1.496
0.903
-0.211
-1.672
4.568
-0.203
1.476
0.551
0.457
0.925
1.760
2.588
0.709
-4.898
-1.460
0.166
2.672
1.432
3.292
-1.176
-2.350
3.315
2.475
-1.296
2.385
-0.826
1.197
0.042
-3.388
-0.685
1.529
-2.910
3.135
-0.886
0.742
-1.045
-2.892
-1.580
1.406
-2.548
-3.626
1.282
-2.973
-4.642
1.959
1.462
-0.409
-3.309
1.498
-1.860
1.239
-2.160
-1.794
-1.789
0.247
0.447
2.075
2.358
-0.424
-5.268
-0.598
-3.207
-0.408
-0.368
3.276
-4.607
-1.627
-2.723
-0.646
0.936
1.130
-1.501
0.199
0.142
-0.088
-1.295
-0.702
-1.420
-2.125
1.843
1.709
-0.244
0.618
3.435
-3.345
-0.080
0.029
-0.858
-2.909
-0.205
-0.055
-1.624
-1.815
-2.497
-0.181
1.742
-1.857
-0.184
-1.396
-1.702
-1.652
-0.920
-0.954
-3.611
-1.024
0.310
-1.894
-0.793
-0.249
-3.121
-0.454
-0.308
-1.761
0.714
-0.516
0.155
0.180
2.355
-0.658
-0.684
-1.145
1.600
4.280
5.263
1.202
0.478
3.859
-3.219
-1.561
1.686
-0.665
-2.049
-1.245
-0.049
0.300
1.008
-2.578
-5.220
0.412
2.596
-1.735
0.136
-1.636
2.114
-1.423
-0.875
0.411
-2.196
4.327
0.410
1.544
3.322
-0.718
1.151
-1.374
2.006
-1.643
0.735
2.852
-4.100
-1.754
-0.403
-1.479
-1.564
1.809
0.421
-0.755
-2.199
-1.889
2.037
-0.539
-3.569
-3.164
-0.361
-2.062
1.037
-4.464
-1.423
1.335
-1.374
-0.256
-0.412
-2.664
-2.935
-0.103
0.271
-1.571
-2.569
1.080
0.734
2.089
1.194
2.316
-2.837
3.102
1.049
5.303
1.385
2.760
1.067
1.268
-0.272
1.686
1.453
2.987
-0.272
-1.196
0.681
0.041
-0.670
-1.174
-3.895
-2.157
0.338
-1.124
-1.853
-3.491
0.101
0.821
-0.330
-0.162
4.572
-3.230
1.658
-0.671
-2.977
-0.852
1.676
-0.694
-1.027
-3.698
5.553
-2.723
-0.279
0.604
-3.164
-2.331
-1.229
2.090
-0.422
1.765
-5.528
-0.141
-0.191
-0.280
4.081
2.373
0.446
0.501
2.076
-4.317
-2.189
2.301
-0.368
-0.300
0.684
1.029
0.445
0.357
1.926
0.472
0.206
-3.579
-1.816
3.049
0.619
0.031
-3.014
-0.879
1.063
-3.843
-2.726
-5.671
-2.751
-0.922
-1.157
0.504
0.192
3.457
0.900
-1.254
-2.883
-0.490
0.394
-1.582
-2.806
-0.878
1.725
-0.551
2.308
2.002
-5.784
1.032
-1.512
1.821
-1.563
0.320
-2.072
4.243
-1.723
1.531
-1.626
2.166
-2.672
0.247
-1.918
1.628
-5.119
-1.014
2.280
-2.162
1.420
-3.242
-3.216
-1.566
0.991
0.118
1.832
0.492
-2.863
-3.023
-2.203
0.143
-0.832
-0.738
2.896
-1.271
-3.924
-0.577
0.812
-3.404
-0.390
-0.753
-0.457
2.126
-1.870
-0.387
-0.729
0.797
-0.834
-1.242
0.380
0.027
1.685
-0.868
-2.197
-0.669
-0.625
1.202
3.736
-0.218
-0.850
-2.671
-0.596
2.529
-0.439
-0.320
-1.478
-1.001
-1.390
1.012
-2.207
-1.740
-1.279
2.764
1.012
-1.285
-2.551
1.514
-5.073
2.428
-1.000
1.223
-1.258
-3.844
0.817
2.165
-0.415
-2.096
-0.581
2.237
-0.147
0.633
0.823
3.725
1.673
1.559
-2.042
-0.271
2.767
-2.849
-1.479
1.503
-0.141
-0.398
0.146
-2.021
0.040
3.323
0.743
-4.440
-0.536
-2.518
-0.442
-1.512
1.400
-0.432
-3.108
2.444
1.066
-2.378
0.543
1.543
1.051
0.833
-1.316
-2.863
4.102
-0.526
-2.559
-2.726
0.076
0.745
-2.127
-1.415
-0.032
4.329
-0.039
-1.886
-1.116
-0.766
-3.026
-0.598
-0.826
1.504
-3.820
-2.709
-2.077
-1.411
-1.336
2.698
1.605
3.735
-1.069
-0.365
-2.242
-0.688
-2.054
-0.518
-0.264
-1.751
0.208
-0.026
1.263
0.298
-3.125
-0.688
-3.949
-0.434
1.414
2.381
-3.037
1.833
-3.361
0.840
0.362
-0.653
-1.331
-1.042
0.442
1.272
-1.440
-1.741
-2.435
4.559
0.417
0.460
0.036
-2.621
3.213
-3.289
0.282
2.286
-0.945
-0.560
-4.236
-0.047
0.842
-4.247
0.906
1.270
0.609
3.699
-0.750
0.014
-0.601
-2.416
-1.311
-0.189
-2.537
1.166
-1.472
-3.105
-0.608
-0.255
-1.310
2.648
-0.081
-0.290
1.029
2.358
-2.505
0.107
-2.520
-0.170
-1.856
-7.611
2.249
-2.460
1.101
1.694
0.254
-2.612
1.522
-2.578
0.211
0.020
-0.381
0.357
-1.125
-3.677
1.677
2.113
-1.618
-3.885
1.997
-2.925
-1.610
5.070
3.165
-1.454
1.238
-4.447
-1.046
-1.316
0.001
-0.209
2.524
-0.553
-0.844
1.857
0.040
0.970
-1.685
4.129
-3.031
1.817
-2.240
-1.481
1.881
-0.474
-0.754
-0.999
-3.103
-4.846
1.664
-3.434
0.708
-2.784
4.785
-3.087
-0.417
1.999
-1.171
-1.116
-6.028
2.255
1.027
-2.742
-1.989
1.319
-1.522
1.944
-1.259
-0.447
-1.232
-1.650
-0.365
-1.467
-4.598
-2.061
-0.139
0.625
2.067
1.368
1.992
0.914
-0.371
1.106
-2.889
2.571
-0.895
-0.766
-0.049
-3.634
1.342
1.887
-3.804
0.278
0.297
1.406
-2.418
1.394
-2.671
-1.673
-2.916
0.609
1.787
-1.707
0.454
-0.136
3.598
3.564
-0.164
-0.235
-0.843
-1.440
3.290
1.633
-0.076
1.488
0.025
1.207
-0.148
1.956
0.521
1.414
-0.732
1.911
-0.306
0.557
-1.982
0.898
-0.576
-1.167
-2.164
-1.092
2.087
-2.467
0.186
0.300
0.540
-0.518
-2.216
1.744
-3.995
1.690
-0.591
3.500
-3.369
2.139
0.934
1.408
0.914
2.895
0.735
3.390
-1.308
-4.340
0.109
-1.891
-1.061
-4.293
2.671
-1.594
-1.174
0.851
0.483
-1.781
-0.759
-2.612
1.157
1.938
-0.972
0.476
1.248
1.667
-1.488
0.611
-1.175
0.855
-0.149
1.144
3.077
-0.609
-0.862
-2.902
0.320
-1.544
-0.287
-1.778
2.785
-3.026
-0.421
-1.734
0.552
-0.809
5.575
-3.930
-2.691
1.730
-0.025
-1.541
-0.479
0.065
-1.513
-0.695
1.437
-2.636
-0.106
3.401
-1.283
-1.598
-0.347
-0.977
3.454
0.509
-1.775
1.837
-3.897
-2.477
1.014
2.868
1.608
-1.741
-1.852
-4.317
0.957
6.222
-0.775
-2.515
-3.799
1.286
0.777
0.680
-0.917
0.577
0.715
0.444
2.179
-2.023
2.144
1.676
0.691
-0.567
-0.774
4.794
-0.759
-0.417
-0.762
1.246
0.164
-1.493
-2.487
-0.077
-2.023
0.677
-0.398
-1.291
4.329
2.440
-2.599
1.336
0.493
0.016
1.243
1.262
0.013
-1.238
-0.681
-1.146
-0.134
-1.305
-0.799
-0.385
0.604
-3.338
4.342
-1.949
-1.706
1.053
-2.773
-0.191
0.864
-4.028
-0.192
-0.674
-0.507
-1.868
-2.128
-1.911
1.404
1.115
0.705
0.423
-3.320
1.134
-1.059
2.311
0.628
0.342
-2.641
-0.683
-0.517
-4.477
-0.357
-1.137
0.854
-7.441
0.720
-4.864
1.107
3.849
-0.998
4.674
-1.368
-0.373
1.287
2.816
-2.193
1.900
-0.244
-0.619
-1.831
-1.885
-0.472
-0.068
-1.181
-1.041
1.609
-0.910
-0.504
-3.149
-1.705
-1.432
2.238
-1.228
0.688
0.506
1.818
-0.517
-2.437
1.180
-1.009
1.489
3.753
-3.345
1.164
-1.923
5.651
2.352
1.234
0.879
0.231
-0.144
2.707
0.049
-3.330
-1.451
-2.428
-0.076
4.441
-2.295
-2.073
4.007
1.381
-1.886
-2.032
0.069
0.992
2.888
-0.245
-0.172
-1.106
-2.786
1.084
0.361
0.909
-0.617
-0.005
-0.641
1.823
-2.250
3.809
-0.400
0.012
-1.590
-3.142
2.884
0.595
-3.013
-2.840
-0.602
5.142
-0.326
1.657
-3.007
-1.993
1.272
-1.684
2.412
-1.624
-4.483
0.608
-3.836
-0.175
1.387
3.685
1.835
-1.582
-1.194
1.072
-0.740
-5.845
1.296
1.897
2.351
1.436
1.584
3.612
-2.321
0.348
3.191
-0.425
-1.605
-3.770
-3.232
-5.342
-1.130
0.826
-0.235
-0.074
-1.746
-1.711
-3.546
-0.307
0.341
0.776
1.470
-1.491
2.607
-4.114
1.495
-2.628
-1.174
-1.732
2.343
-4.837
0.223
-2.615
2.081
-1.676
1.163
-2.296
-2.760
-2.094
-3.977
4.509
-0.425
-0.337
-2.008
0.973
3.449
-1.137
-3.341
-0.686
1.931
1.405
-0.628
-0.521
1.192
-0.607
-5.256
-3.241
2.715
1.402
0.689
2.365
1.514
-0.863
-0.389
0.139
1.012
6.358
-1.582
2.965
0.367
-4.011
-0.819
1.439
1.382
-2.423
-2.141
2.546
-1.519
-0.990
-0.291
0.854
2.811
-4.083
-0.401
4.016
0.249
0.290
-0.266
6.711
-2.308
1.444
-5.530
0.017
-3.633
2.883
1.386
0.915
2.222
-1.757
0.278
-0.363
-0.553
-0.747
-3.977
-2.553
2.404
-2.992
-2.166
1.853
-1.374
1.862
0.155
2.877
-2.044
-0.660
1.046
-1.289
-0.317
0.215
3.875
0.769
0.341
-0.378
2.955
-1.368
1.522
1.340
-1.809
-5.750
-2.669
0.862
-0.703
1.749
-0.497
1.095
-0.530
-1.539
-0.939
0.823
-1.044
-1.278
-1.334
1.226
-0.614
0.314
-0.837
0.488
0.205
1.198
0.472
1.122
-3.393
0.229
4.236
-2.206
-1.311
-0.070
3.134
1.912
-1.803
2.164
1.687
-2.816
1.679
-1.537
-3.021
3.215
-2.578
-1.653
3.188
-0.852
-3.189
0.378
2.788
-0.462
-3.117
-3.839
-3.385
1.077
1.614
-0.317
-0.897
-3.193
-1.892
-2.474
-1.864
3.628
-0.547
-2.816
1.312
3.362
-0.708
2.052
-2.039
-1.304
-0.649
2.141
0.247
1.042
2.807
-2.204
-4.425
-2.049
4.121
1.807
0.464
-0.935
3.165
-0.958
-1.181
-2.289
1.374
-2.275
-0.877
-0.337
-1.992
1.178
-0.422
-1.598
3.316
-0.097
0.512
2.642
-0.745
-2.101
-1.270
-3.034
3.694
-0.831
-0.324
2.228
-3.305
-0.953
1.191
-0.450
-2.701
-1.544
0.984
-1.759
0.713
0.278
0.574
2.007
2.072
-2.535
2.910
-1.746
-2.469
-0.255
-0.733
1.503
-2.668
-0.667
-4.852
-0.979
-1.508
1.160
-3.303
1.312
-1.765
-1.084
-1.609
0.949
-2.261
-1.583
-1.559
3.047
-1.695
-1.257
-0.506
0.046
1.157
-0.190
-2.369
2.962
-3.225
-2.410
-0.073
-2.959
-0.354
-3.139
0.583
0.628
1.706
2.318
-3.448
-1.397
1.546
-2.401
0.657
-1.989
-1.179
-0.975
0.584
-1.379
-2.328
1.442
1.793
-1.489
-1.870
4.898
1.199
-1.377
-1.750
0.837
0.133
1.989
-0.113
2.659
2.487
0.525
0.176
0.425
-0.772
0.277
-2.337
-1.482
-2.419
-0.584
-0.038
1.622
-1.008
0.286
-2.302
0.746
-0.796
1.355
-0.178
0.946
0.600
0.082
0.631
-2.202
2.222
-0.137
-2.549
0.720
0.917
0.040
-0.540
-0.373
3.902
0.501
1.756
0.652
-1.399
-3.701
-2.848
-2.009
4.146
1.500
-4.248
-0.513
-0.975
1.811
0.800
0.649
-2.342
-3.100
3.247
-1.680
-1.689
0.826
-2.040
3.740
0.881
-2.861
-2.011
2.965
-1.035
-2.591
0.716
1.673
1.609
2.280
3.540
0.734
0.563
2.903
-0.671
1.419
-2.454
0.931
-0.860
0.895
-1.083
4.561
-0.136
0.759
-3.150
-1.786
-1.659
-2.054
0.927
-1.986
0.392
3.297
0.021
1.940
0.261
-1.255
1.370
2.359
-0.803
-0.522
-4.178
1.868
2.320
-4.055
0.210
2.091
-2.978
-4.477
-1.381
-1.312
-2.014
-2.870
2.070
0.492
0.144
0.222
-0.060
3.080
0.306
1.655
-2.409
2.098
-0.464
2.706
-2.014
0.157
2.269
0.128
-2.665
-0.288
1.004
0.998
-0.101
1.874
-1.161
0.959
-2.835
-1.745
-1.298
2.140
-0.269
1.598
-2.965
2.606
3.454
-1.092
-0.200
0.325
-1.964
-0.686
3.248
-0.425
-3.050
0.266
-2.931
-1.172
-0.732
-1.870
-0.431
0.593
-0.717
-4.146
3.062
-5.519
-1.165
-1.181
-1.064
-3.670
-2.566
-2.075
-1.922
-2.004
1.439
0.088
2.963
0.293
0.247
0.992
0.700
-2.421
-3.453
-1.927
1.227
-1.909
-0.322
2.323
0.477
0.655
-3.535
0.891
2.038
0.875
-2.758
1.365
-1.239
-1.885
-3.343
-1.388
0.061
0.600
3.415
2.120
-0.739
-0.506
-2.573
-0.713
-0.434
-0.415
-1.129
-0.309
1.418
1.923
0.057
1.022
-4.067
-0.148
0.675
2.600
-1.748
0.916
0.060
-1.753
-1.161
-4.179
3.968
0.661
-1.517
1.825
-0.851
1.621
1.218
-0.790
0.877
-0.222
3.271
-1.670
-2.132
-0.935
-0.770
0.174
0.918
0.527
-2.456
-0.708
1.923
-3.561
-3.226
-0.337
-0.239
-1.383
-0.542
3.347
1.109
-0.578
-3.277
0.770
-1.151
-1.882
-0.651
-1.245
-1.646
-0.766
0.392
-1.692
1.278
-2.245
-4.384
1.452
0.912
0.963
0.646
0.951
1.971
-0.815
-1.239
-1.542
-0.989
-0.793
0.683
-3.303
-2.154
1.288
4.140
2.277
1.420
2.371
2.280
-1.507
1.293
0.526
0.381
1.477
1.820
2.701
-1.784
2.914
-1.301
0.895
2.362
0.850
-3.641
0.553
-2.293
0.519
-3.922
0.002
1.868
1.685
0.452
-0.985
-3.012
0.386
-2.295
0.603
-1.245
1.440
2.055
1.046
-0.988
-1.815
-2.305
2.120
-0.187
1.369
0.160
1.143
-4.186
2.177
-2.002
-0.295
1.190
-1.351
-0.320
-0.983
2.586
4.388
-2.552
-0.970
-0.861
-0.975
-2.860
1.814
-0.282
-0.739
0.871
0.175
3.778
3.243
-6.579
-0.731
-0.385
2.462
1.726
1.958
-0.242
-1.647
4.281
1.652
2.817
0.507
-1.920
-4.672
1.167
1.957
-2.515
-0.859
-1.012
-0.229
0.749
-0.256
-0.669
-2.221
-0.150
3.851
2.421
-1.675
-0.566
-1.064
0.436
-1.926
-0.505
1.001
-1.198
-1.514
-1.836
-1.718
4.001
2.619
1.741
-0.911
-1.956
0.261
-0.143
-1.188
2.094
0.040
-2.198
3.523
-3.250
-0.667
0.344
-0.149
-1.493
0.973
5.535
-2.178
1.914
-3.654
-2.554
2.215
-0.513
1.020
2.833
-2.111
0.275
-1.239
1.544
-1.503
1.773
4.520
0.596
-1.212
0.884
-0.717
1.958
0.118
-3.338
-2.946
0.459
1.636
1.342
-2.616
-0.952
0.215
1.678
1.664
-1.066
0.858
-3.966
-0.486
-1.795
0.654
-1.170
0.732
0.123
-2.813
-0.920
-0.016
-2.275
3.518
1.635
1.449
0.368
1.367
1.551
1.774
0.382
-1.066
1.621
1.148
-0.496
-0.543
-1.558
-0.854
-1.295
-0.712
-0.502
4.154
-0.576
1.308
-1.227
0.922
-2.651
-0.441
-1.551
0.518
1.276
2.042
1.510
-0.780
-0.381
2.212
-1.937
-0.173
-2.730
0.519
-1.680
-1.456
-1.019
3.083
3.363
1.361
-1.189
-2.638
-1.279
2.288
-1.040
-0.419
-0.345
0.661
-2.679
2.048
1.462
2.461
-0.494
-2.155
0.124
0.870
1.467
0.726
0.806
1.291
-1.958
-0.353
1.304
-0.094
-0.984
2.391
-1.812
3.315
1.396
0.336
-0.764
-1.422
-1.890
3.185
0.362
-0.089
-0.340
-0.620
1.584
0.124
2.155
-0.900
1.164
1.338
1.419
-1.444
1.665
-0.024
3.988
2.942
4.631
2.154
-1.003
-3.703
-1.486
-2.734
3.672
1.642
0.789
2.127
-4.265
3.088
1.162
-1.958
1.467
0.896
-2.333
0.793
1.170
0.412
2.315
-2.049
-2.586
-2.844
-1.501
-0.165
-0.171
3.063
-3.204
-4.024
0.043
-0.466
-2.389
-0.310
-2.271
-2.336
1.497
-0.595
-4.307
1.340
-0.335
-3.880
-3.545
-0.657
-2.612
0.518
0.184
-0.855
-0.929
-0.480
0.210
-0.011
-1.318
-2.033
0.296
-2.717
2.843
-4.261
1.975
-1.816
-1.053
-0.005
0.796
0.421
2.856
-3.460
1.031
1.932
-4.860
1.516
-1.310
1.004
-0.616
4.315
1.059
-0.022
0.139
-1.109
-0.995
-1.949
-1.617
-0.617
-1.395
-3.820
-1.538
-0.599
-2.127
2.524
-1.894
1.550
2.433
-1.297
0.787
-0.211
-4.266
-1.160
3.100
-1.526
-1.606
-0.337
-0.746
-3.804
-1.617
-0.419
-2.646
1.696
-2.235
-1.708
-2.421
-0.444
0.320
2.347
-1.616
0.634
-0.024
-0.228
-1.951
-1.780
1.038
0.442
-0.262
-1.490
-0.537
3.840
-0.693
-0.931
0.809
-2.109
-0.421
-0.970
0.719
-3.059
0.784
0.105
2.424
-2.978
-0.568
-2.904
1.168
-0.085
-1.298
0.376
0.519
2.710
-1.103
0.357
3.321
2.099
0.002
0.954
-1.658
0.221
1.301
1.760
-0.817
1.364
-0.507
-1.066
-0.234
0.757
0.018
2.316
1.882
-1.378
5.603
-0.777
2.167
1.030
-2.748
3.043
-1.608
1.182
3.463
-0.482
0.388
-2.341
-4.114
-1.030
-1.400
-2.189
-3.723
3.678
1.130
4.407
0.463
-0.593
-1.465
0.093
-3.267
-5.080
3.734
-2.068
2.013
0.652
3.640
-1.000
0.913
1.228
0.461
1.299
-0.413
-0.897
-3.814
0.312
-0.789
0.708
-0.445
4.780
-0.519
-2.091
-2.790
-2.096
-0.045
-0.858
-1.218
-0.379
-2.810
3.880
0.257
1.875
0.222
-0.082
1.050
-0.411
0.005
-2.088
0.662
1.683
-0.431
2.295
-2.129
1.259
-0.035
-1.154
-0.150
0.867
-4.737
2.351
0.288
-2.196
2.341
-0.121
1.642
-2.019
-2.934
-0.283
-3.454
-0.428
1.850
-1.151
-1.182
0.200
-0.295
3.210
2.785
2.474
-1.589
0.246
-3.283
1.161
-1.800
-0.980
-3.160
-3.474
0.717
-0.853
-0.366
0.973
-0.298
2.659
3.029
-4.013
2.564
-1.225
-2.249
1.160
2.710
-0.724
3.087
0.570
0.654
1.426
0.628
-3.139
-0.476
-0.377
-0.365
-4.728
-0.274
-0.734
4.206
1.170
0.042
-1.109
-0.778
3.063
0.656
-1.628
-0.402
0.172
-1.894
-0.620
5.195
-0.486
-0.085
3.896
-1.042
-1.773
1.964
-2.817
-0.719
-0.223
-1.258
0.706
0.231
-0.062
-1.786
-2.159
-2.184
-1.640
-1.180
0.008
-2.936
2.126
-3.540
2.439
-1.769
-1.200
-0.459
0.699
0.662
0.478
2.671
1.880
-2.994
2.054
0.262
5.387
-1.377
-2.531
1.290
0.770
-2.525
3.203
0.157
0.158
-0.481
-2.716
1.757
-2.576
-0.942
0.090
-3.126
-0.769
0.495
-2.655
-0.571
1.400
-2.418
2.900
0.985
1.262
-2.728
-0.072
-4.152
-2.859
0.580
8.076
-5.022
-1.403
4.430
-1.137
0.460
0.241
-1.023
-0.837
3.038
-1.239
3.264
-2.580
0.348
1.441
1.454
-1.941
1.404
-0.315
-0.923
-0.110
-3.839
-3.439
-2.655
-1.911
4.424
-1.807
2.384
3.158
1.276
-2.829
-0.190
-1.040
3.709
1.320
0.043
2.811
0.849
-2.840
-2.301
2.082
-0.015
-0.266
-0.055
-0.163
-4.533
1.714
0.279
-1.560
0.107
-1.829
-2.344
-1.643
-2.079
0.666
-0.805
-0.522
0.476
1.957
-3.362
2.598
0.751
0.135
-0.324
-0.300
-2.213
0.881
-0.048
4.104
-2.329
1.922
-0.837
3.849
-0.321
2.509
-0.589
-4.488
3.848
0.164
-0.679
0.580
-0.925
-0.909
-1.864
0.994
-0.605
3.551
-1.750
-4.663
-2.853
-0.586
-2.450
-0.362
0.230
-2.034
-4.256
-0.369
-0.637
-0.348
-1.624
2.744
-3.184
-0.388
4.124
0.587
0.631
-2.602
0.149
-0.903
-1.607
-3.311
0.445
-1.368
0.910
-1.453
2.575
-0.707
-1.321
3.975
1.189
-0.503
-1.903
-1.105
0.928
-2.706
-0.250
-2.880
-0.628
-1.270
-1.314
-0.363
2.005
-2.646
-1.472
-1.803
-1.038
-1.402
-1.023
0.728
-1.372
-0.807
-1.268
3.131
-1.819
3.360
-1.418
3.237
-1.046
-0.146
-1.633
-0.496
-0.176
-0.240
1.095
-2.099
-1.287
-0.278
2.445
5.510
-1.448
3.566
0.334
2.097
-0.625
-1.135
-2.731
-0.549
-2.716
-3.408
-1.056
-1.912
2.337
-2.351
-2.419
-1.783
1.970
-1.085
-1.184
3.216
-1.942
-0.327
2.291
0.339
1.551
3.117
2.774
-0.163
-0.952
-1.233
0.857
-0.083
-0.083
-0.911
0.948
1.069
1.609
0.319
-4.177
0.668
-3.223
-1.074
-2.717
3.799
-0.425
1.144
-3.139
0.976
-0.107
1.343
-0.622
-0.435
0.994
-4.529
3.051
0.785
1.160
-0.348
4.842
-0.240
1.871
-1.568
2.203
3.351
-1.063
0.805
-0.793
-1.457
-1.137
-3.339
0.454
1.559
2.055
-2.996
1.686
4.491
-1.504
0.274
-1.041
-1.173
-0.587
-2.008
2.432
-1.936
-1.960
1.283
-0.783
-0.186
-0.092
-0.724
2.242
-1.393
-1.697
0.288
0.097
1.882
-1.869
-1.294
2.362
-3.067
-0.571
2.531
-0.079
-2.447
-1.047
0.310
-3.966
0.724
0.593
2.088
2.256
-0.009
2.063
0.732
-1.485
6.164
-3.675
-0.897
1.873
-1.441
-0.524
1.602
0.503
-0.198
-4.844
2.400
-0.220
-2.695
0.648
0.902
-0.627
-1.882
3.145
0.737
-1.482
-2.279
2.479
-0.222
2.212
0.041
-2.236
2.096
-1.982
-1.226
-1.839
2.359
-0.598
1.637
0.829
-2.724
-1.542
-1.202
1.852
-0.941
-1.762
1.627
0.655
-1.662
-0.776
-0.817
-0.903
0.165
-1.677
-0.951
0.731
0.038
0.252
0.086
1.913
-2.447
-3.407
-1.618
3.623
-2.891
-2.672
-0.344
-1.213
0.260
-1.556
-0.273
1.121
1.446
0.472
3.336
-2.322
2.421
-1.127
0.580
3.292
0.718
2.287
-0.370
0.118
0.851
-1.293
3.920
1.039
-3.219
1.194
2.985
-3.718
-0.898
3.016
1.112
-2.389
0.397
-2.914
-2.366
-1.283
1.544
-2.279
0.256
-2.785
0.621
0.938
2.766
1.636
2.762
1.054
-1.680
-2.026
1.255
-4.568
2.574
-1.160
-1.569
2.857
0.159
-1.335
1.877
0.340
-2.896
0.354
-0.254
-1.981
0.412
-5.690
-1.471
4.497
-1.398
0.872
0.716
-1.003
-2.569
-0.733
-0.335
0.354
-0.605
0.880
0.729
-1.465
-2.595
-1.247
-1.219
0.792
-1.654
-0.857
1.902
-0.346
1.427
-0.925
-2.626
-0.126
-3.507
-0.362
1.300
-1.306
1.664
-3.711
-2.283
-5.036
1.961
4.515
-0.660
2.283
1.233
-4.184
2.199
-0.642
-0.245
-3.032
-0.466
-0.722
-0.122
-0.172
2.589
-2.023
-0.311
1.371
-3.458
-0.693
1.261
-2.184
-4.268
-4.282
-1.913
-2.121
1.220
-1.241
1.882
-1.895
3.125
0.129
1.081
-0.907
-3.531
0.608
-0.446
-2.826
2.097
-3.529
1.784
1.381
-0.630
0.242
0.257
1.529
0.579
1.013
-2.143
-1.410
-0.040
0.256
1.456
1.792
-0.777
2.035
-0.347
0.660
0.741
-1.844
3.844
-3.716
-2.203
0.826
2.865
0.610
-1.986
0.413
-0.942
-0.217
2.768
2.224
-0.177
-0.435
2.551
-1.007
2.563
-0.515
-0.182
-0.722
-1.263
2.822
2.246
-0.800
0.013
-1.999
-0.260
1.943
0.081
1.387
0.209
-0.791
-2.487
0.339
-3.613
-3.707
-2.098
0.329
-1.631
0.371
-0.816
3.526
-4.903
-4.155
-1.337
-1.756
4.563
2.413
-0.647
0.557
0.958
-0.476
-2.200
0.474
0.684
4.641
-4.847
0.099
1.263
-2.116
-1.817
-2.532
-1.468
-0.165
-0.849
4.342
0.428
-1.191
1.768
-1.482
-0.267
-3.072
-3.605
-0.299
-0.364
1.958
4.672
1.404
-0.539
-3.773
-2.355
-2.281
-0.155
-3.133
-2.027
0.351
3.628
2.484
-0.776
2.840
-2.755
-0.712
-1.846
1.689
-0.978
-2.409
-1.203
3.533
0.561
0.289
0.938
-3.574
3.577
-3.349
3.449
0.902
0.891
2.633
-2.815
-1.481
-0.159
0.453
-2.302
-1.743
0.258
1.277
2.191
-0.887
0.111
-3.432
-1.720
-0.597
-4.590
-3.600
-1.631
-2.385
2.974
2.508
1.030
3.353
-1.501
-0.709
0.258
0.310
-2.222
-0.432
0.907
4.982
-0.325
0.046
-2.687
-0.290
-1.243
0.616
0.189
0.112
-3.077
3.716
2.894
1.406
1.465
-0.112
4.147
1.147
1.920
-0.317
-0.376
2.216
0.634
-1.114
-0.769
1.725
1.847
-1.220
2.303
-0.014
2.202
-1.193
0.988
-1.619
-1.324
-1.801
-0.610
1.273
-0.452
0.302
0.504
-1.532
-1.326
-3.657
3.356
-5.366
0.297
1.353
-1.612
-2.173
-1.175
-1.971
6.753
2.589
0.562
0.346
2.482
0.309
-0.437
-1.296
1.083
0.662
1.375
0.316
2.663
-1.767
3.942
0.004
-2.414
4.417
-0.022
1.473
-1.726
-1.633
-1.594
1.432
-2.164
3.159
2.923
2.384
-2.145
-0.711
3.220
5.738
1.168
-0.992
-2.110
4.006
3.110
-2.194
3.350
-0.760
-4.768
4.460
-1.211
-1.474
-1.363
6.707
1.231
0.706
2.048
1.815
-0.675
0.769
-2.721
-1.507
1.283
-3.686
2.928
0.703
-1.233
0.002
0.731
0.578
-6.448
-0.938
-4.780
-0.465
-0.198
3.701
0.035
2.114
-0.996
0.961
1.163
0.567
-0.873
-0.752
-1.133
-0.260
-2.205
0.841
2.093
-0.213
1.046
-1.165
1.623
2.464
1.418
0.346
-2.004
0.374
-3.619
0.240
1.648
0.287
0.242
2.621
1.061
-1.495
-1.078
2.212
1.121
5.233
4.280
-0.642
-3.404
-0.325
1.137
2.531
4.507
0.328
1.119
-1.668
1.792
-0.239
-3.338
-1.974
1.519
-1.474
0.160
-0.367
0.717
1.009
2.093
0.182
-0.667
-2.364
1.585
-3.751
0.198
0.765
2.396
-0.301
0.083
0.172
-0.190
2.511
2.529
-5.977
0.292
-1.285
1.729
0.159
1.537
-0.798
-2.906
0.050
-5.271
-2.165
-1.670
0.758
0.605
1.688
3.436
-0.328
-1.491
-3.349
-1.354
-2.164
1.939
2.726
-0.575
-0.531
-2.669
-0.960
-1.323
1.831
4.088
-4.079
3.349
-0.040
0.908
0.078
2.976
3.406
-1.633
2.478
0.191
-2.211
-3.135
-0.739
1.129
1.623
-2.364
1.271
-0.671
-1.642
-0.598
-1.147
-0.179
1.707
-1.295
-1.568
0.239
-3.990
-2.042
-0.892
0.852
-2.272
-1.478
0.461
-0.769
-4.302
-0.867
3.801
-0.093
-0.779
-0.700
-0.841
0.684
-1.392
0.010
-1.249
5.238
-0.627
-3.386
-1.238
-0.826
-3.024
-2.912
3.431
-2.461
-0.331
2.412
-0.635
2.028
-1.335
0.549
2.181
-2.617
5.166
-0.957
-1.737
0.062
2.835
0.066
-0.422
0.308
-0.250
-1.872
-0.017
-0.092
0.810
2.359
-3.481
-0.752
1.258
2.408
1.653
-1.851
7.897
1.252
1.059
0.860
-0.806
0.444
0.479
-0.209
4.034
-0.803
-1.165
0.189
-2.194
-2.020
-1.164
-2.848
-0.970
-0.457
4.213
-1.032
1.821
-1.794
-2.186
-2.258
-2.977
-2.558
-3.131
-0.005
-2.217
0.995
0.434
-0.521
-2.470
-1.093
-3.137
2.657
2.992
-0.004
-0.892
4.795
-1.402
-0.751
3.527
-1.858
4.198
-0.760
-0.851
-3.932
2.705
-1.916
-4.245
-0.013
-0.938
0.145
-0.687
-1.225
0.339
3.954
-1.530
0.035
-3.902
1.913
3.178
-1.458
0.083
0.469
0.927
2.993
-4.216
0.844
-4.020
0.409
0.832
-1.760
1.550
-1.775
-3.159
-0.579
0.681
0.200
-0.887
-3.425
-0.046
0.930
-0.975
4.343
1.082
-0.653
1.436
-1.739
-1.691
-2.217
-0.565
0.566
-1.076
0.724
0.263
-0.582
-1.471
1.195
3.945
-0.866
-0.655
-0.125
-4.419
-1.762
-1.354
-0.104
-1.358
-1.105
-0.747
-3.954
-1.768
2.332
-2.306
-0.474
1.751
-0.190
1.239
0.837
-0.871
-0.045
-2.608
0.942
-1.468
0.596
-2.323
-1.163
-1.385
0.114
-1.270
0.215
-0.304
1.665
-1.603
-1.458
0.252
4.413
0.861
-1.485
0.763
-0.016
-0.738
0.478
0.011
-1.228
2.793
-1.009
-2.259
-1.094
1.795
0.157
3.323
0.589
-1.749
1.943
1.534
-0.218
2.446
3.212
-2.761
-1.872
-2.114
1.208
-2.338
-1.930
1.678
1.251
0.077
0.727
-1.773
-0.390
5.686
3.015
0.547
-3.178
2.568
-1.426
0.268
1.780
0.872
-0.835
-3.035
-1.642
-2.000
2.412
-2.776
-2.804
-3.200
2.490
-0.572
0.843
-2.102
-0.087
0.022
0.273
1.084
-3.502
0.566
2.870
-3.304
0.475
0.272
-1.169
-1.440
0.753
1.045
-1.238
-3.382
-3.247
-0.842
-3.459
0.516
2.503
-0.256
0.102
-3.965
3.400
0.590
-2.656
-2.857
-0.848
-0.158
-0.797
-0.788
3.036
-3.178
1.743
-1.077
1.777
-1.845
-1.546
-1.631
-1.366
1.771
-4.198
-2.115
0.980
0.386
2.434
2.802
-0.787
-2.146
-2.780
-2.900
0.973
-1.157
-3.001
0.281
-3.922
-0.777
1.418
0.680
-0.086
2.959
-0.008
-0.174
2.078
-2.057
0.148
-0.505
-0.651
-0.099
